0 0.389136 0.496465 0.404094 0.342532 0.370292 0.335141 0.355333 0.489074 1
11 0.221460 0.497690 0.237623 0.330368 0.196827 0.321501 0.180664 0.488823 0
9 0.818906 0.523563 0.834321 0.369793 0.794698 0.360857 0.779283 0.514627 0
5 0.650272 0.514239 0.665908 0.356528 0.627353 0.347927 0.611716 0.505638 0
7 0.447460 0.323100 0.464115 0.158088 0.426694 0.149590 0.410040 0.314602 0
0 0.312534 0.309053 0.327610 0.157668 0.292745 0.149855 0.277669 0.301241 0
8 0.276037 0.309302 0.291583 0.152454 0.249312 0.143027 0.233766 0.299875 0
2 0.692720 0.515274 0.707488 0.360968 0.668478 0.352567 0.653710 0.506874 0
8 0.439602 0.501818 0.454927 0.343232 0.413260 0.334172 0.397936 0.492759 1
6 0.363440 0.313569 0.378866 0.156583 0.336806 0.147284 0.321380 0.304270 0
2 0.405631 0.318118 0.421239 0.159765 0.380779 0.150792 0.365171 0.309146 0
0 0.223784 0.303891 0.240033 0.144034 0.206369 0.136335 0.190121 0.296192 0
4 0.265143 0.492124 0.280350 0.332710 0.240625 0.324184 0.225418 0.483598 0
5 0.566038 0.511407 0.581851 0.353980 0.541634 0.344890 0.525820 0.502318 0
1 0.302892 0.495218 0.318508 0.334433 0.290577 0.328330 0.274960 0.489114 0
0 0.772066 0.520144 0.787435 0.365769 0.753664 0.358204 0.738295 0.512579 0
1 0.516797 0.507305 0.532321 0.347835 0.506733 0.342231 0.491209 0.501701 0
10 0.591262 0.488516 0.601824 0.382426 0.589391 0.379641 0.578829 0.485731 0
12 0.743486 0.445639 0.744222 0.425070 0.703507 0.421792 0.702771 0.442361 0
