2 0.408967 0.632757 0.423114 0.478082 0.383143 0.469856 0.368997 0.624532 0
0 0.280612 0.438079 0.294078 0.285095 0.259626 0.278272 0.246160 0.431256 0
11 0.193919 0.629213 0.208186 0.463134 0.166535 0.455083 0.152267 0.621162 1
0 0.359086 0.631184 0.373593 0.471513 0.339546 0.464552 0.325039 0.624224 0
6 0.329938 0.443911 0.344461 0.288432 0.305232 0.280187 0.290708 0.435666 0
7 0.416459 0.455732 0.431480 0.285967 0.393875 0.278481 0.378855 0.448246 0
9 0.786838 0.648585 0.801280 0.493587 0.761244 0.485194 0.746801 0.640192 0
8 0.243942 0.438424 0.258134 0.283691 0.217493 0.275304 0.203301 0.430037 0
2 0.373052 0.450430 0.387186 0.291202 0.347683 0.283312 0.333549 0.442540 0
3 0.620785 0.643491 0.635259 0.485324 0.597252 0.477499 0.582779 0.635666 0
4 0.234908 0.624781 0.249043 0.464066 0.208188 0.455982 0.194053 0.616696 1
6 0.536504 0.636586 0.550586 0.484877 0.511849 0.476787 0.497768 0.628497 0
0 0.193420 0.435066 0.207892 0.276951 0.175175 0.270213 0.160703 0.428328 0
0 0.739646 0.644820 0.753627 0.492772 0.720189 0.485855 0.706208 0.637903 0
1 0.270922 0.625412 0.285425 0.464535 0.258173 0.459007 0.243670 0.619884 0
1 0.488077 0.636220 0.502247 0.479117 0.477606 0.474116 0.463437 0.631220 0
5 0.662262 0.643728 0.675841 0.489089 0.636493 0.481315 0.622914 0.635954 0
10 0.560886 0.614534 0.570276 0.516594 0.557091 0.513750 0.547701 0.611690 0
12 0.709030 0.574549 0.709746 0.553279 0.673380 0.550526 0.672665 0.571796 0
