2 0.437807 0.650403 0.453360 0.494851 0.412777 0.485721 0.397224 0.641273 1
6 0.568357 0.658151 0.584116 0.501733 0.544812 0.492824 0.529053 0.649241 0
11 0.217021 0.638888 0.232476 0.477955 0.192620 0.469343 0.177165 0.630276 0
0 0.386553 0.646040 0.402065 0.492708 0.369286 0.485246 0.353773 0.638579 0
7 0.448682 0.478818 0.466265 0.303642 0.427247 0.294831 0.409664 0.470006 0
5 0.698102 0.667299 0.713709 0.509912 0.673075 0.500846 0.657467 0.658232 0
6 0.360681 0.462525 0.376049 0.307347 0.336129 0.298451 0.320761 0.453630 0
8 0.273431 0.457944 0.289212 0.296825 0.247120 0.287548 0.231339 0.448667 0
9 0.824432 0.670099 0.839698 0.518350 0.801731 0.509756 0.786465 0.661505 0
3 0.655082 0.664615 0.670880 0.505596 0.632478 0.497012 0.616681 0.656031 0
0 0.219798 0.449927 0.235803 0.289896 0.202844 0.282479 0.186839 0.442510 0
0 0.775944 0.667900 0.790848 0.516158 0.757923 0.508882 0.743020 0.660624 0
4 0.260289 0.638959 0.275900 0.481239 0.236186 0.472394 0.220575 0.630115 0
0 0.309852 0.456654 0.325117 0.301986 0.290868 0.294380 0.275603 0.449048 1
2 0.406873 0.468469 0.422735 0.308220 0.380650 0.298847 0.364788 0.459096 0
1 0.298520 0.639692 0.314141 0.483250 0.288112 0.477403 0.272491 0.633844 0
1 0.519574 0.657093 0.535097 0.500056 0.509373 0.494335 0.493850 0.651372 0
8 0.420340 0.183378 0.432846 0.037967 0.385309 0.028768 0.372803 0.174179 0
4 0.535200 0.183708 0.543489 0.025160 0.497352 0.019733 0.489064 0.178281 0
10 0.596046 0.637980 0.606361 0.535866 0.593216 0.532878 0.582901 0.634992 0
12 0.747290 0.592869 0.747883 0.576121 0.709920 0.573096 0.709326 0.589844 0
1 0.368693 0.145002 0.379089 0.036519 0.352377 0.030759 0.341981 0.139243 0
9 0.474083 0.146757 0.482552 0.039861 0.444885 0.033147 0.436416 0.140042 0
4 0.650983 0.146769 0.656615 0.010218 0.611134 0.005997 0.605502 0.142549 0
4 0.820215 0.153697 0.829601 0.016710 0.782577 0.009460 0.773190 0.146448 0
5 0.592866 0.145857 0.597741 0.037100 0.552275 0.032514 0.547399 0.141271 0
0 0.217546 0.132915 0.223311 0.034196 0.187956 0.029551 0.182191 0.128270 0
4 0.253616 0.134168 0.260507 0.031435 0.220116 0.025339 0.213225 0.128071 0
5 0.650539 0.145362 0.655717 0.013765 0.610713 0.009781 0.605535 0.141378 0
