2 0.391915 0.367472 0.401017 0.207140 0.360469 0.201960 0.351367 0.362293 0
5 0.430045 0.546157 0.438770 0.389121 0.397549 0.383968 0.388824 0.541003 0
6 0.347258 0.365494 0.356223 0.207151 0.315309 0.201939 0.306345 0.360283 0
5 0.645824 0.541308 0.655188 0.379349 0.614501 0.374056 0.605138 0.536015 1
0 0.765779 0.531095 0.774953 0.373922 0.740917 0.369452 0.731742 0.526625 1
8 0.259039 0.366143 0.267760 0.209727 0.226674 0.204573 0.217953 0.360989 0
0 0.378419 0.548218 0.387441 0.389601 0.353010 0.385194 0.343988 0.543811 0
9 0.813916 0.529182 0.822681 0.374079 0.784490 0.369223 0.775725 0.524326 1
5 0.561214 0.541846 0.570213 0.385888 0.527974 0.380403 0.518974 0.536362 0
4 0.251968 0.551469 0.261160 0.391685 0.221196 0.386512 0.212005 0.546296 0
11 0.209313 0.556828 0.218278 0.391911 0.177830 0.386963 0.168864 0.551881 0
7 0.435840 0.368462 0.445012 0.203327 0.408216 0.198729 0.399044 0.363863 0
0 0.206747 0.365213 0.215824 0.206615 0.182900 0.202375 0.173823 0.360974 0
0 0.295897 0.365604 0.304664 0.209150 0.269063 0.204661 0.260296 0.361115 0
2 0.689195 0.539662 0.697608 0.380332 0.655903 0.375377 0.647491 0.534707 1
1 0.510194 0.546188 0.518765 0.386563 0.494444 0.383625 0.485873 0.543250 0
1 0.287249 0.548282 0.296384 0.389284 0.272535 0.386201 0.263401 0.545200 0
12 0.733648 0.463821 0.733666 0.439996 0.693155 0.439929 0.693137 0.463754 0
10 0.589883 0.517583 0.595966 0.415914 0.576738 0.413326 0.570655 0.514995 0
