6 0.694196 0.667124 0.708306 0.514239 0.668981 0.506073 0.654872 0.658959 0
11 0.345227 0.655304 0.359634 0.493704 0.320559 0.485866 0.306152 0.647465 0
3 0.781994 0.674596 0.796469 0.517215 0.757645 0.509181 0.743171 0.666562 0
0 0.513990 0.658950 0.528066 0.504562 0.492125 0.497190 0.478049 0.651577 0
9 0.955722 0.679826 0.968703 0.526515 0.929781 0.519100 0.916800 0.672411 0
8 0.399155 0.469160 0.413338 0.315804 0.371486 0.307096 0.357304 0.460452 1
5 0.825184 0.677095 0.839741 0.517553 0.798358 0.509057 0.783800 0.668599 0
7 0.573046 0.484129 0.587872 0.319704 0.548171 0.311649 0.533345 0.476074 0
6 0.486825 0.476324 0.501194 0.314845 0.457827 0.306162 0.443457 0.467641 1
0 0.347176 0.465462 0.361889 0.304501 0.328454 0.297624 0.313742 0.458586 1
0 0.433799 0.470737 0.447947 0.316227 0.414495 0.309335 0.400347 0.463845 1
4 0.388390 0.654001 0.402797 0.494291 0.362666 0.486145 0.348259 0.645855 0
2 0.529298 0.479889 0.543758 0.319767 0.503402 0.311568 0.488943 0.471690 0
0 0.904520 0.677242 0.918144 0.524374 0.886201 0.517969 0.872578 0.670837 0
1 0.425620 0.655423 0.440317 0.496357 0.414661 0.491024 0.399965 0.650089 0
1 0.643717 0.666942 0.658028 0.509756 0.633911 0.504816 0.619600 0.662002 0
1 0.554447 0.661356 0.568841 0.504121 0.545528 0.499319 0.531133 0.656554 0
12 0.875399 0.603579 0.875844 0.584539 0.836548 0.582471 0.836102 0.601511 0
10 0.718698 0.646364 0.727789 0.546545 0.716847 0.544303 0.707757 0.644122 0
