0 0.454015 0.533781 0.467866 0.378699 0.430670 0.371224 0.416818 0.526306 1
11 0.242661 0.532015 0.256111 0.369710 0.216387 0.362303 0.202937 0.524608 0
5 0.674724 0.543094 0.688227 0.385755 0.648471 0.378078 0.634968 0.535417 0
2 0.717512 0.540622 0.729635 0.387034 0.689679 0.379938 0.677556 0.533526 0
9 0.843033 0.547485 0.856564 0.392762 0.817313 0.385039 0.803782 0.539762 0
5 0.587624 0.539597 0.601130 0.385891 0.561759 0.378107 0.548254 0.531813 0
6 0.378956 0.348483 0.392847 0.190817 0.353272 0.182973 0.339381 0.340638 1
8 0.292857 0.345001 0.306626 0.191367 0.266272 0.183230 0.252503 0.336863 0
2 0.421777 0.353935 0.435817 0.195029 0.396718 0.187256 0.382677 0.346162 0
7 0.465317 0.359654 0.479519 0.192890 0.442982 0.185888 0.428780 0.352653 0
4 0.284491 0.529672 0.298049 0.370276 0.259173 0.362835 0.245614 0.522232 0
0 0.242145 0.342070 0.256662 0.182486 0.224406 0.175884 0.209889 0.335468 0
0 0.795202 0.545807 0.808997 0.392065 0.775253 0.385252 0.761457 0.538994 1
1 0.320931 0.528516 0.334962 0.371714 0.309687 0.366625 0.295656 0.523427 0
1 0.538133 0.536658 0.551817 0.381499 0.525163 0.376210 0.511480 0.531369 0
0 0.329653 0.347867 0.342978 0.191727 0.308797 0.185163 0.295472 0.341304 0
1 0.408821 0.534214 0.422753 0.373945 0.395673 0.368649 0.381741 0.528917 0
10 0.612421 0.517438 0.621271 0.418429 0.610564 0.416275 0.601713 0.515284 0
12 0.764264 0.470414 0.764647 0.451264 0.723067 0.449395 0.722685 0.468545 0
