9 0.418919 0.575659 0.430756 0.418572 0.388050 0.411332 0.376213 0.568418 1
5 0.631236 0.579740 0.643071 0.424968 0.602784 0.418036 0.590949 0.572808 1
2 0.381280 0.396808 0.393210 0.237688 0.352312 0.230788 0.340382 0.389908 1
7 0.423576 0.404054 0.436725 0.232284 0.398090 0.225629 0.384941 0.397399 0
8 0.251631 0.393708 0.263328 0.239025 0.222533 0.232083 0.210835 0.386766 0
0 0.200648 0.390389 0.212488 0.233121 0.179510 0.227535 0.167670 0.384803 0
2 0.673577 0.581621 0.685399 0.423339 0.645384 0.416615 0.633562 0.574897 1
0 0.365989 0.577144 0.378059 0.419864 0.345459 0.414234 0.333389 0.571515 0
0 0.754283 0.580853 0.766411 0.424958 0.730040 0.418592 0.717912 0.574486 1
5 0.548550 0.589369 0.561375 0.420342 0.517955 0.412930 0.505130 0.581957 1
11 0.201764 0.579637 0.213513 0.417087 0.173454 0.410572 0.161704 0.573122 0
0 0.286903 0.393808 0.298631 0.240300 0.264833 0.234490 0.253105 0.387998 0
4 0.243902 0.576289 0.255345 0.417080 0.214295 0.410442 0.202852 0.569650 0
1 0.280804 0.575196 0.292758 0.416737 0.265386 0.412091 0.253432 0.570549 0
6 0.338834 0.397384 0.350639 0.236596 0.308749 0.229676 0.296944 0.390464 0
9 0.803862 0.583465 0.815727 0.425484 0.773781 0.418395 0.761916 0.576377 1
1 0.496969 0.578362 0.509814 0.416898 0.479987 0.411559 0.467142 0.573024 1
12 0.723843 0.508104 0.724195 0.484011 0.681326 0.482601 0.680974 0.506694 0
1 0.423352 0.401819 0.437095 0.233020 0.398706 0.225987 0.384962 0.394786 1
