11 0.361622 0.509223 0.377070 0.343296 0.337888 0.335089 0.322440 0.501015 1
8 0.416276 0.323169 0.431195 0.168459 0.389351 0.159380 0.374432 0.314090 1
4 0.404755 0.506960 0.419823 0.346534 0.379785 0.338073 0.364717 0.498499 1
0 0.923783 0.537911 0.939288 0.381570 0.899001 0.372581 0.883496 0.528921 2
2 0.547096 0.333938 0.562758 0.177347 0.522576 0.168304 0.506914 0.324895 0
6 0.503702 0.327996 0.518561 0.172619 0.477393 0.163761 0.462534 0.319137 1
7 0.591152 0.336856 0.606730 0.174499 0.570642 0.166709 0.555064 0.329065 0
0 0.452802 0.325590 0.468057 0.169020 0.432239 0.161168 0.416984 0.317738 0
0 0.575956 0.514702 0.591658 0.356039 0.557793 0.348498 0.542091 0.507161 0
0 0.363306 0.318457 0.378799 0.161019 0.346474 0.153862 0.330982 0.311301 0
1 0.662362 0.522058 0.678535 0.362222 0.650347 0.355805 0.634174 0.515641 2
1 0.442034 0.508482 0.457603 0.348953 0.428709 0.342608 0.413140 0.502137 0
1 0.531498 0.514650 0.546942 0.354331 0.518366 0.348138 0.502922 0.508456 0
9 0.968607 0.545357 0.984825 0.382732 0.942186 0.373165 0.925968 0.535790 2
4 0.842471 0.533308 0.858179 0.375356 0.815727 0.365857 0.800019 0.523809 2
3 0.798766 0.540068 0.816163 0.366567 0.768400 0.355792 0.751004 0.529293 2
6 0.727787 0.530076 0.744336 0.367570 0.683686 0.353673 0.667137 0.516179 2
12 0.889478 0.467217 0.890831 0.435940 0.850968 0.432060 0.849615 0.463337 2
