9 0.823140 0.478244 0.837661 0.322207 0.798134 0.313930 0.783612 0.469967 0
5 0.653365 0.473982 0.667557 0.318106 0.627614 0.309923 0.613422 0.465799 0
0 0.390752 0.462467 0.405195 0.308583 0.370829 0.301326 0.356386 0.455210 0
0 0.225190 0.269618 0.240264 0.107332 0.206467 0.100269 0.191393 0.262555 0
11 0.223179 0.460964 0.237858 0.296659 0.198346 0.288717 0.183668 0.453021 0
7 0.448068 0.290314 0.463477 0.120433 0.425392 0.112661 0.409984 0.282542 0
8 0.275204 0.274502 0.289620 0.115981 0.248933 0.107656 0.234517 0.266177 0
2 0.404810 0.282291 0.419559 0.120245 0.380232 0.112190 0.365482 0.274236 0
0 0.773932 0.476392 0.788687 0.321270 0.755201 0.314103 0.740446 0.469225 0
7 0.442291 0.464775 0.456436 0.308255 0.417207 0.300278 0.403062 0.456798 0
4 0.266644 0.458930 0.281129 0.296135 0.241147 0.288131 0.226663 0.450926 1
0 0.312451 0.272729 0.326740 0.113896 0.291978 0.106860 0.277689 0.265693 0
1 0.302815 0.458363 0.317521 0.298490 0.289914 0.292776 0.275208 0.452650 0
5 0.569716 0.471823 0.584157 0.316675 0.541708 0.307785 0.527267 0.462933 0
6 0.362839 0.277229 0.377621 0.114908 0.336108 0.106402 0.321326 0.268723 0
1 0.520056 0.470835 0.534658 0.310741 0.505167 0.304689 0.490565 0.464783 0
2 0.697552 0.475320 0.711119 0.321064 0.669948 0.312917 0.656382 0.467173 0
12 0.743440 0.401381 0.743981 0.382695 0.702736 0.380007 0.702195 0.398693 0
10 0.593509 0.450438 0.603128 0.341981 0.590723 0.339506 0.581104 0.447962 0
