6 0.647308 0.647060 0.661437 0.495102 0.621064 0.486655 0.606934 0.638613 0
0 0.301359 0.453095 0.316014 0.292165 0.281560 0.285106 0.266905 0.446036 0
5 0.772513 0.656022 0.786779 0.496693 0.745543 0.488386 0.731277 0.647715 1
2 0.518548 0.643708 0.532635 0.487214 0.490441 0.478668 0.476354 0.635161 1
0 0.851006 0.654200 0.864276 0.501948 0.829734 0.495174 0.816464 0.647426 0
0 0.468036 0.643874 0.482437 0.485337 0.444091 0.477500 0.429690 0.636037 0
8 0.352158 0.457090 0.366550 0.299235 0.324260 0.290560 0.309868 0.448415 0
6 0.438251 0.459600 0.452408 0.302876 0.411470 0.294556 0.397314 0.451280 0
9 0.896844 0.658392 0.910769 0.504880 0.873263 0.497225 0.859338 0.650738 0
0 0.387627 0.456529 0.401476 0.300719 0.367834 0.293991 0.353985 0.449802 0
3 0.731012 0.656121 0.745239 0.494332 0.706081 0.486584 0.691854 0.648373 0
7 0.523465 0.469495 0.539107 0.296187 0.500969 0.288442 0.485328 0.461750 0
2 0.481436 0.464328 0.495581 0.303487 0.455002 0.295458 0.440857 0.456299 0
11 0.301117 0.640062 0.314883 0.478998 0.273939 0.471124 0.260173 0.632188 1
1 0.380234 0.638890 0.394126 0.479849 0.367956 0.474706 0.354064 0.633747 0
4 0.343963 0.639019 0.357928 0.477456 0.316498 0.469399 0.302533 0.630961 1
1 0.597894 0.652082 0.612892 0.489230 0.585536 0.483562 0.570538 0.646413 0
12 0.821240 0.581824 0.821816 0.558985 0.781510 0.556698 0.780933 0.579537 0
10 0.672398 0.625948 0.681484 0.525103 0.664829 0.521727 0.655743 0.622572 0
0 0.494993 0.156292 0.502060 0.004733 0.456632 0.000000 0.449565 0.151527 0
