7 0.559597 0.474446 0.570609 0.309538 0.531334 0.303637 0.520322 0.468545 0
6 0.679338 0.653157 0.690689 0.498771 0.651319 0.492258 0.639968 0.646644 0
2 0.514857 0.472634 0.526279 0.314337 0.485292 0.307683 0.473870 0.465980 0
6 0.470329 0.471847 0.481469 0.312064 0.440914 0.305703 0.429774 0.465485 0
3 0.767758 0.657426 0.779229 0.494911 0.737939 0.488354 0.726469 0.650869 1
6 0.551088 0.654536 0.562122 0.496881 0.520170 0.490274 0.509135 0.647929 0
11 0.332326 0.651895 0.342777 0.491201 0.302644 0.485328 0.292193 0.646022 0
4 0.374471 0.650086 0.385471 0.490230 0.345736 0.484078 0.334736 0.643934 0
5 0.812975 0.652494 0.823643 0.497927 0.780444 0.491218 0.769776 0.645786 2
8 0.383456 0.465577 0.394250 0.308920 0.352109 0.302387 0.341315 0.459044 0
0 0.500336 0.653508 0.510976 0.494778 0.476255 0.489541 0.465615 0.648271 0
9 0.944641 0.660044 0.956061 0.491619 0.910627 0.484688 0.899207 0.653113 2
0 0.331699 0.461934 0.343197 0.304014 0.309697 0.298526 0.298200 0.456447 0
1 0.411133 0.646737 0.421952 0.492070 0.395276 0.487871 0.384456 0.642538 0
0 0.418840 0.464165 0.429519 0.310959 0.394504 0.305467 0.383824 0.458674 0
1 0.631648 0.656957 0.642559 0.498241 0.616064 0.494143 0.605153 0.652859 0
10 0.706086 0.630362 0.713316 0.529134 0.700629 0.527096 0.693400 0.628323 0
12 0.859030 0.591181 0.860288 0.554377 0.816001 0.550971 0.814743 0.587775 2
0 0.895726 0.655147 0.906841 0.496581 0.867222 0.490332 0.856106 0.648898 2
