5 0.821716 0.636989 0.834962 0.481505 0.793895 0.473633 0.780649 0.629118 0
9 0.952190 0.641343 0.964408 0.488761 0.926145 0.481867 0.913927 0.634449 0
2 0.517156 0.449100 0.530649 0.289770 0.490585 0.282136 0.477091 0.441465 0
6 0.689956 0.632876 0.703366 0.476210 0.662286 0.468298 0.648876 0.624964 1
11 0.332725 0.623791 0.346248 0.462092 0.307984 0.454892 0.294461 0.616590 0
4 0.376028 0.622768 0.389611 0.465007 0.350229 0.457379 0.336646 0.615139 0
8 0.385049 0.439577 0.398747 0.284542 0.358297 0.276501 0.344599 0.431536 0
4 0.551986 0.629533 0.565410 0.473503 0.526194 0.465911 0.512769 0.621941 0
0 0.333271 0.435251 0.347468 0.278858 0.315241 0.272276 0.301044 0.428670 0
0 0.502626 0.625699 0.515569 0.474277 0.480884 0.467606 0.467941 0.619028 1
6 0.472747 0.444358 0.486050 0.288342 0.445402 0.280544 0.432099 0.436559 0
7 0.562006 0.449730 0.575906 0.285237 0.538635 0.278151 0.524735 0.442643 0
0 0.422023 0.441031 0.435272 0.286233 0.400284 0.279496 0.387035 0.434293 0
3 0.777868 0.636501 0.791388 0.477619 0.752269 0.470129 0.738750 0.629011 1
1 0.638312 0.630017 0.651429 0.473784 0.624815 0.468757 0.611698 0.624990 0
0 0.902051 0.638364 0.914696 0.486882 0.880293 0.480420 0.867647 0.631902 1
1 0.412360 0.622661 0.425676 0.466549 0.400478 0.461713 0.387162 0.617825 0
10 0.715495 0.610426 0.724274 0.509439 0.710209 0.506688 0.701430 0.607675 0
12 0.871936 0.566496 0.872451 0.541569 0.831090 0.539644 0.830574 0.564571 0
