6 0.650366 0.620489 0.662408 0.462903 0.621991 0.455954 0.609949 0.613539 0
2 0.483627 0.434069 0.495346 0.277669 0.457532 0.271294 0.445813 0.427694 0
7 0.526427 0.441700 0.539639 0.272292 0.501438 0.265589 0.488226 0.434997 0
3 0.734631 0.621290 0.746721 0.462746 0.707886 0.456083 0.695796 0.614627 0
3 0.521367 0.616998 0.533076 0.459086 0.493821 0.452536 0.482112 0.610449 0
8 0.355090 0.431708 0.367000 0.276146 0.327164 0.269284 0.315254 0.424846 0
9 0.900594 0.620019 0.912190 0.465244 0.873719 0.458758 0.862123 0.613533 0
4 0.347753 0.616529 0.359533 0.458049 0.319906 0.451421 0.308126 0.609901 0
6 0.441512 0.437171 0.453691 0.274589 0.411888 0.267543 0.399709 0.430125 1
0 0.304127 0.429164 0.316629 0.270838 0.284861 0.265194 0.272359 0.423519 0
0 0.852136 0.619431 0.864106 0.465088 0.830124 0.459159 0.818155 0.613501 1
11 0.305804 0.620285 0.318091 0.456195 0.279222 0.449646 0.266934 0.613736 0
0 0.470986 0.618704 0.483017 0.458341 0.449564 0.452693 0.437533 0.613057 0
1 0.600887 0.619616 0.613139 0.458349 0.586762 0.453840 0.574510 0.615107 0
1 0.383592 0.616425 0.395968 0.457107 0.369585 0.452495 0.357209 0.611814 0
0 0.391876 0.432086 0.403586 0.277014 0.369132 0.271161 0.357422 0.426233 0
5 0.776550 0.621006 0.788269 0.464807 0.747377 0.457904 0.735658 0.614103 0
10 0.674135 0.593618 0.681587 0.496800 0.669411 0.494691 0.661960 0.591510 0
12 0.824328 0.547219 0.824587 0.526693 0.785141 0.525573 0.784882 0.546099 0
