0 0.389358 0.555110 0.404099 0.397884 0.369929 0.390676 0.355187 0.547901 1
5 0.654008 0.569812 0.668755 0.414804 0.628913 0.406276 0.614166 0.561284 0
0 0.223586 0.363304 0.239134 0.199814 0.205120 0.192536 0.189572 0.356027 0
8 0.274927 0.365986 0.289739 0.209868 0.247417 0.200834 0.232606 0.356952 0
11 0.221087 0.553197 0.236434 0.387941 0.197802 0.379869 0.182455 0.545124 0
0 0.777417 0.575353 0.791824 0.422113 0.758491 0.415063 0.744084 0.568302 0
4 0.263384 0.550212 0.278240 0.390520 0.239691 0.382451 0.224834 0.542142 0
9 0.827405 0.575673 0.841834 0.424374 0.803653 0.416181 0.789224 0.567481 0
0 0.309995 0.366885 0.324912 0.211224 0.290425 0.203788 0.275508 0.359449 0
9 0.439599 0.558043 0.454466 0.397644 0.413265 0.389052 0.398398 0.549452 1
6 0.359550 0.368712 0.374897 0.210875 0.336264 0.202423 0.320917 0.360261 0
7 0.447376 0.377079 0.462779 0.214306 0.425018 0.206266 0.409615 0.369039 0
2 0.403788 0.372831 0.418916 0.214562 0.380079 0.206209 0.364951 0.364479 0
5 0.568122 0.565620 0.583277 0.410539 0.542395 0.401550 0.527241 0.556632 0
2 0.696775 0.572589 0.711272 0.418256 0.672304 0.410020 0.657807 0.564353 0
1 0.301213 0.549508 0.316377 0.391451 0.290460 0.385856 0.275295 0.543913 0
1 0.518705 0.564203 0.533815 0.405931 0.508536 0.400501 0.493426 0.558773 1
10 0.595043 0.541897 0.604459 0.443399 0.591679 0.440650 0.582262 0.539148 0
12 0.747150 0.501631 0.747766 0.481731 0.708444 0.478992 0.707828 0.498893 0
