9 0.787166 0.643399 0.799729 0.488291 0.760701 0.481179 0.748138 0.636286 0
8 0.399515 0.633945 0.411918 0.478321 0.371911 0.471147 0.359508 0.626771 0
6 0.319474 0.449830 0.332544 0.291935 0.293091 0.284587 0.280021 0.442482 0
7 0.404693 0.456544 0.417820 0.291095 0.380044 0.284352 0.366918 0.449801 0
0 0.183371 0.441696 0.196425 0.285289 0.163308 0.279070 0.150254 0.435477 0
11 0.183752 0.631034 0.196468 0.467126 0.158259 0.460455 0.145542 0.624364 0
2 0.362037 0.451159 0.375162 0.294540 0.334869 0.286943 0.321743 0.443561 0
8 0.234504 0.444487 0.247196 0.288890 0.205344 0.281208 0.192651 0.436805 1
3 0.614838 0.640642 0.628121 0.478893 0.590104 0.471868 0.576821 0.633617 0
6 0.527707 0.637083 0.540672 0.482790 0.501261 0.475339 0.488296 0.629631 0
4 0.226369 0.627369 0.239038 0.469398 0.198929 0.462161 0.186261 0.620132 0
0 0.269863 0.443974 0.282069 0.288083 0.246136 0.281752 0.233930 0.437643 0
5 0.658697 0.641110 0.671234 0.484192 0.629920 0.476765 0.617383 0.633684 0
0 0.737807 0.640936 0.750432 0.487656 0.717054 0.481471 0.704430 0.634750 0
0 0.348643 0.631163 0.361373 0.473759 0.328410 0.467760 0.315680 0.625165 0
1 0.478355 0.636829 0.491066 0.480294 0.466425 0.475792 0.453714 0.632327 0
1 0.262543 0.626042 0.275127 0.470436 0.247985 0.465498 0.235402 0.621103 0
10 0.551993 0.615985 0.560646 0.516045 0.548831 0.513743 0.540178 0.613684 0
12 0.707531 0.567627 0.708075 0.547268 0.668374 0.544882 0.667830 0.565240 0
4 0.413102 0.084569 0.418055 0.000000 0.372269 0.000000 0.367316 0.079655 0
