6 0.668162 0.594080 0.678183 0.435511 0.638613 0.429885 0.628591 0.588453 0
0 0.488149 0.593430 0.498142 0.434660 0.464585 0.429908 0.454592 0.588677 0
11 0.320360 0.602198 0.329888 0.440288 0.290518 0.435075 0.280990 0.596985 0
8 0.370103 0.414865 0.379689 0.257677 0.338511 0.252027 0.328926 0.409215 0
4 0.537887 0.593146 0.547494 0.435747 0.508486 0.430390 0.498879 0.587789 0
4 0.362903 0.597717 0.372582 0.439004 0.332593 0.433517 0.322915 0.592230 0
9 0.921696 0.588160 0.931471 0.432348 0.892734 0.426881 0.882960 0.582692 1
0 0.317946 0.412627 0.328040 0.253803 0.295386 0.249133 0.285292 0.407958 0
6 0.458057 0.412742 0.468012 0.254978 0.426869 0.249137 0.416914 0.406901 0
7 0.544792 0.410418 0.554500 0.249440 0.516389 0.244269 0.506681 0.405247 0
5 0.795378 0.590890 0.805380 0.430723 0.763022 0.424771 0.753020 0.584938 1
0 0.406734 0.412831 0.415998 0.256207 0.381042 0.251555 0.371779 0.408179 0
2 0.500108 0.416155 0.510682 0.250636 0.470540 0.244866 0.459966 0.410385 0
0 0.874726 0.590123 0.885294 0.427789 0.849533 0.422551 0.838965 0.584885 1
3 0.754275 0.593419 0.764257 0.431179 0.724452 0.425669 0.714470 0.587909 1
1 0.618439 0.594700 0.628369 0.436060 0.602403 0.432403 0.592473 0.591043 0
1 0.399859 0.598227 0.410061 0.437003 0.380924 0.432854 0.370722 0.594078 0
10 0.691971 0.568723 0.698228 0.468702 0.686850 0.467101 0.680593 0.567122 0
12 0.840611 0.514254 0.840670 0.495519 0.803295 0.495255 0.803236 0.513989 0
