8 0.247840 0.392182 0.258675 0.233892 0.217807 0.227598 0.206972 0.385888 0
0 0.364370 0.574771 0.375064 0.417860 0.340774 0.412602 0.330080 0.569513 0
2 0.377225 0.395912 0.387353 0.236564 0.347346 0.230842 0.337217 0.390191 0
6 0.333888 0.395957 0.344556 0.236701 0.304154 0.230611 0.293485 0.389867 0
6 0.415582 0.579155 0.425954 0.421165 0.383430 0.414884 0.373059 0.572874 0
5 0.630534 0.577150 0.641007 0.416575 0.599591 0.410497 0.589118 0.571073 1
7 0.420130 0.401017 0.430868 0.232460 0.392201 0.226918 0.381463 0.395474 0
9 0.802230 0.579949 0.813936 0.412379 0.767517 0.405083 0.755811 0.572653 2
5 0.542918 0.577848 0.553062 0.420195 0.510899 0.414091 0.500755 0.571744 0
11 0.199798 0.580773 0.210050 0.418970 0.171279 0.413443 0.161027 0.575246 0
0 0.283236 0.393514 0.293781 0.237664 0.258586 0.232306 0.248042 0.388157 0
4 0.241993 0.577507 0.252360 0.414436 0.212834 0.408783 0.202467 0.571853 0
2 0.677130 0.577082 0.686265 0.418459 0.639913 0.412452 0.630777 0.571076 1
0 0.197674 0.389156 0.208145 0.232982 0.175774 0.228099 0.165304 0.384273 0
1 0.493326 0.579577 0.504026 0.419090 0.475178 0.414762 0.464477 0.575249 0
1 0.278581 0.575435 0.289208 0.415079 0.263305 0.411217 0.252678 0.571572 0
10 0.568685 0.552476 0.575238 0.449434 0.561979 0.447537 0.555427 0.550579 0
0 0.752326 0.577464 0.764628 0.409606 0.724385 0.402970 0.712084 0.570828 0
12 0.719961 0.500858 0.720101 0.476628 0.675860 0.476053 0.675720 0.500284 1
5 0.753063 0.578463 0.765106 0.409612 0.723732 0.402973 0.711690 0.571824 2
