5 0.637024 0.589697 0.646457 0.427899 0.604380 0.422380 0.594947 0.584178 2
6 0.343801 0.414135 0.353888 0.251133 0.312066 0.245310 0.301980 0.408313 0
2 0.384712 0.413753 0.394382 0.251862 0.354135 0.246452 0.344464 0.408344 0
5 0.551666 0.592699 0.561182 0.434874 0.520404 0.429342 0.510887 0.587167 0
0 0.375334 0.596710 0.384583 0.436130 0.351198 0.431804 0.341949 0.592383 0
4 0.252100 0.599107 0.261545 0.439735 0.222726 0.434558 0.213281 0.593930 0
0 0.293127 0.413333 0.302598 0.256202 0.268410 0.251566 0.258938 0.408696 0
0 0.206589 0.412814 0.216738 0.251782 0.184540 0.247216 0.174391 0.408248 0
9 0.808878 0.581250 0.818592 0.424102 0.776924 0.418307 0.767210 0.575455 2
8 0.257640 0.413137 0.267139 0.256128 0.226345 0.250574 0.216846 0.407584 0
7 0.427207 0.416956 0.437373 0.247686 0.401303 0.242812 0.391137 0.412082 0
7 0.423363 0.595953 0.432470 0.435207 0.395047 0.430437 0.385941 0.591183 0
11 0.210387 0.604830 0.220076 0.437683 0.181207 0.432614 0.171518 0.599761 0
1 0.501089 0.594349 0.511212 0.432636 0.484832 0.428920 0.474709 0.590633 0
1 0.288212 0.596936 0.297736 0.438740 0.271891 0.435239 0.262368 0.593435 0
2 0.679106 0.587679 0.688574 0.428147 0.646981 0.422593 0.637514 0.582125 1
0 0.758628 0.581680 0.767676 0.427035 0.733061 0.422478 0.724013 0.577124 1
12 0.727189 0.511064 0.727044 0.488820 0.686779 0.489411 0.686924 0.511656 0
10 0.580595 0.563921 0.585875 0.471369 0.566607 0.468896 0.561327 0.561448 0
