2 0.462539 0.392132 0.473771 0.230627 0.435152 0.224584 0.423920 0.386089 0
3 0.709272 0.574423 0.720821 0.415650 0.683287 0.409508 0.671738 0.568280 0
7 0.505780 0.396158 0.517276 0.229456 0.479505 0.223595 0.468009 0.390297 0
6 0.625202 0.572277 0.636054 0.415900 0.597245 0.409840 0.586392 0.566216 0
5 0.752197 0.572115 0.762483 0.418442 0.720698 0.412149 0.710412 0.565822 1
0 0.283752 0.387938 0.294837 0.230530 0.262332 0.225380 0.251248 0.382788 0
11 0.285497 0.578161 0.296647 0.414113 0.257597 0.408141 0.246447 0.572190 1
8 0.334644 0.388386 0.345069 0.234688 0.304602 0.228512 0.294178 0.382210 2
6 0.421472 0.389977 0.432408 0.231539 0.391088 0.225122 0.380152 0.383559 0
0 0.828112 0.572611 0.838312 0.416756 0.805331 0.411900 0.795131 0.567755 1
4 0.327719 0.574673 0.338772 0.415498 0.299301 0.409331 0.288248 0.568506 1
9 0.875863 0.572758 0.886821 0.414764 0.847661 0.408653 0.836703 0.566647 1
0 0.450201 0.574303 0.461498 0.413245 0.426916 0.407788 0.415620 0.568845 1
1 0.365007 0.570354 0.375879 0.413153 0.349861 0.409104 0.338989 0.566305 0
1 0.577569 0.570774 0.588306 0.414251 0.561357 0.410091 0.550620 0.566615 0
0 0.370654 0.386916 0.380935 0.230235 0.345650 0.225025 0.335369 0.381706 0
1 0.491250 0.572171 0.502575 0.413798 0.475772 0.409485 0.464447 0.567859 0
10 0.649440 0.547328 0.656620 0.447217 0.644338 0.445235 0.637158 0.545346 0
12 0.798287 0.501881 0.798704 0.474330 0.760350 0.473026 0.759934 0.500577 0
