7 0.578755 0.490016 0.589773 0.317596 0.552865 0.312288 0.541846 0.484709 1
6 0.574515 0.672673 0.585128 0.506217 0.539730 0.499705 0.529118 0.666160 2
5 0.829000 0.661615 0.838691 0.505437 0.794855 0.499317 0.785164 0.655495 1
6 0.494040 0.484926 0.504452 0.323404 0.462037 0.317253 0.451625 0.478774 2
9 0.952909 0.658528 0.962417 0.502799 0.925043 0.497665 0.915535 0.653394 1
4 0.400336 0.665699 0.410557 0.504676 0.370054 0.498891 0.359834 0.659915 1
11 0.358115 0.668751 0.368699 0.502736 0.328913 0.497029 0.318329 0.663044 0
2 0.536301 0.489306 0.546918 0.323189 0.506575 0.317387 0.495959 0.483505 1
0 0.357304 0.475468 0.367478 0.319182 0.333434 0.314195 0.323260 0.470482 0
3 0.785997 0.665067 0.795723 0.504601 0.756163 0.499207 0.746437 0.659672 1
0 0.444477 0.480715 0.454456 0.323817 0.418070 0.318610 0.408092 0.475508 0
1 0.437108 0.664000 0.447569 0.502109 0.419904 0.498086 0.409443 0.659978 1
8 0.407679 0.479250 0.417616 0.323691 0.375726 0.317670 0.365789 0.473230 1
0 0.905991 0.657529 0.916178 0.503282 0.881195 0.498084 0.871008 0.652330 1
0 0.524631 0.671111 0.535251 0.504550 0.498747 0.499313 0.488127 0.665874 2
6 0.713405 0.683863 0.725746 0.505801 0.669517 0.497033 0.657176 0.675095 2
1 0.652562 0.670654 0.664174 0.505314 0.632836 0.500362 0.621224 0.665702 2
12 0.875699 0.588904 0.875754 0.563983 0.834159 0.563778 0.834104 0.588699 0
