7 0.556701 0.433124 0.568675 0.266808 0.529771 0.260506 0.517797 0.426822 0
5 0.683247 0.609648 0.694798 0.454651 0.654456 0.447887 0.642905 0.602883 0
2 0.512619 0.430564 0.524156 0.272597 0.482771 0.265796 0.471235 0.423763 0
5 0.771354 0.610888 0.782141 0.458740 0.743464 0.452571 0.732677 0.604718 0
11 0.326278 0.613123 0.337628 0.451874 0.298677 0.445705 0.287326 0.606954 0
4 0.371590 0.610137 0.382915 0.449265 0.341596 0.442720 0.330271 0.603592 1
0 0.325361 0.423790 0.336769 0.261355 0.302590 0.255953 0.291181 0.418389 0
3 0.550625 0.609820 0.562236 0.451296 0.522143 0.444689 0.510532 0.603212 0
8 0.377724 0.426509 0.389327 0.263664 0.347411 0.256944 0.335808 0.419789 0
9 0.940813 0.612288 0.952363 0.458067 0.912438 0.451339 0.900887 0.605561 0
0 0.415305 0.425050 0.426298 0.271174 0.391635 0.265602 0.380642 0.419478 0
0 0.892107 0.609463 0.903525 0.457862 0.871252 0.452393 0.859834 0.603994 0
2 0.815313 0.606639 0.825281 0.455832 0.785230 0.449876 0.775262 0.600682 0
6 0.469416 0.431234 0.481218 0.269244 0.437538 0.262083 0.425735 0.424074 1
0 0.499222 0.610597 0.511269 0.449267 0.476468 0.443419 0.464420 0.604750 0
1 0.409234 0.607475 0.420655 0.451149 0.394135 0.446790 0.382714 0.603115 1
1 0.633572 0.611650 0.645012 0.452185 0.618179 0.447854 0.606739 0.607318 0
10 0.708525 0.584479 0.715688 0.489328 0.704489 0.487431 0.697325 0.582582 0
12 0.861220 0.538402 0.861351 0.518003 0.821702 0.517428 0.821571 0.537828 0
