5 0.736037 0.576504 0.744823 0.419491 0.704265 0.414385 0.695479 0.571397 0
5 0.651485 0.580003 0.660681 0.423176 0.620427 0.417865 0.611230 0.574692 0
0 0.473112 0.587827 0.481819 0.429483 0.445958 0.425046 0.437251 0.583390 0
0 0.855810 0.570854 0.864671 0.415946 0.829807 0.411458 0.820945 0.566366 0
4 0.521155 0.583824 0.530021 0.427650 0.489854 0.422520 0.480989 0.578694 0
8 0.353225 0.402949 0.362490 0.246923 0.319745 0.241212 0.310480 0.397238 0
9 0.902255 0.570781 0.911090 0.414452 0.871426 0.409408 0.862591 0.565738 0
7 0.528135 0.403012 0.537211 0.242350 0.498167 0.237387 0.489091 0.398049 0
6 0.440680 0.404017 0.449560 0.245476 0.406426 0.240040 0.397546 0.398581 0
11 0.303826 0.591206 0.312521 0.428489 0.270149 0.423394 0.261454 0.586112 0
2 0.483898 0.405662 0.493168 0.244310 0.450933 0.238850 0.441663 0.400203 0
4 0.346279 0.589238 0.355140 0.426833 0.314875 0.421890 0.306013 0.584294 0
0 0.300337 0.401679 0.309483 0.243953 0.276403 0.239637 0.267257 0.397363 1
2 0.778148 0.575284 0.786720 0.419732 0.745701 0.414646 0.737129 0.570198 0
0 0.387949 0.402744 0.397339 0.247925 0.360900 0.242952 0.351510 0.397771 0
1 0.599755 0.583060 0.608925 0.422763 0.581655 0.419252 0.572484 0.579550 0
1 0.381911 0.586443 0.390932 0.423984 0.366384 0.420917 0.357363 0.583376 0
12 0.822884 0.498950 0.822675 0.480674 0.784711 0.481649 0.784920 0.499925 0
10 0.674357 0.553162 0.679963 0.457484 0.667927 0.455897 0.662322 0.551575 0
