4 0.428489 0.597710 0.439730 0.442780 0.401905 0.436605 0.390664 0.591535 1
8 0.265700 0.413589 0.277006 0.255940 0.235586 0.249257 0.224281 0.406906 1
11 0.215917 0.602062 0.226881 0.437982 0.187474 0.432057 0.176509 0.596137 1
2 0.392137 0.417003 0.403943 0.255345 0.364006 0.248783 0.352199 0.410441 0
9 0.810787 0.599172 0.821963 0.442022 0.782871 0.435767 0.771695 0.592917 0
0 0.381971 0.598220 0.393311 0.439378 0.357648 0.433649 0.346307 0.592491 0
5 0.643726 0.600967 0.655298 0.440071 0.614460 0.433462 0.602888 0.594358 0
6 0.349777 0.414886 0.361197 0.256443 0.320760 0.249886 0.309340 0.408328 0
4 0.258513 0.597315 0.269318 0.437618 0.230461 0.431702 0.219656 0.591400 1
0 0.213475 0.412348 0.225117 0.252570 0.192125 0.247161 0.180483 0.406939 1
7 0.434345 0.423339 0.446401 0.250269 0.407579 0.244184 0.395523 0.417254 0
0 0.762328 0.599482 0.773634 0.442917 0.738868 0.437269 0.727563 0.593834 0
5 0.558274 0.598410 0.570269 0.437718 0.528936 0.430776 0.516942 0.591469 1
1 0.298130 0.597003 0.309530 0.440028 0.278521 0.434962 0.267121 0.591937 0
2 0.685328 0.599238 0.696746 0.441379 0.655493 0.434665 0.644075 0.592524 0
0 0.301930 0.414350 0.313097 0.257314 0.276741 0.251497 0.265574 0.408533 0
1 0.507085 0.597934 0.518393 0.438172 0.493686 0.434237 0.482378 0.594000 1
12 0.732328 0.523499 0.732425 0.505561 0.693152 0.505085 0.693056 0.523023 0
10 0.580799 0.577720 0.589202 0.466988 0.574947 0.464554 0.566543 0.575285 0
