7 0.577369 0.376297 0.593324 0.206963 0.556173 0.199087 0.540219 0.368422 1
6 0.700225 0.563654 0.716188 0.402222 0.669821 0.391906 0.653858 0.553338 2
6 0.492320 0.366696 0.507493 0.207591 0.464834 0.198438 0.449661 0.357543 1
0 0.906118 0.569995 0.920581 0.416506 0.886480 0.409276 0.872016 0.562764 2
9 0.955086 0.572318 0.969133 0.416924 0.929226 0.408808 0.915179 0.564201 1
6 0.570052 0.562424 0.586966 0.389003 0.541648 0.379058 0.524734 0.552479 2
2 0.535080 0.371197 0.550276 0.210058 0.509609 0.201429 0.494413 0.362569 1
0 0.353547 0.358103 0.368712 0.198764 0.334918 0.191528 0.319753 0.350866 0
4 0.394549 0.545691 0.409167 0.384879 0.368052 0.376470 0.353434 0.537282 2
11 0.352217 0.548856 0.367098 0.385447 0.326067 0.377040 0.311186 0.540449 1
1 0.432323 0.544553 0.447584 0.385715 0.420735 0.379911 0.405474 0.538749 2
8 0.405673 0.362120 0.420485 0.207068 0.377368 0.197801 0.362557 0.352853 1
0 0.440823 0.363288 0.455273 0.207491 0.420078 0.200147 0.405629 0.355944 1
5 0.826189 0.570091 0.840886 0.413360 0.797805 0.404271 0.783108 0.561002 2
3 0.783888 0.573564 0.799988 0.408121 0.757317 0.398778 0.741216 0.564220 2
12 0.876002 0.499390 0.876840 0.475296 0.837265 0.472195 0.836426 0.496289 1
4 0.520968 0.551506 0.536987 0.392625 0.494311 0.382943 0.478292 0.541825 0
1 0.652466 0.562987 0.668666 0.399290 0.631358 0.390983 0.615159 0.554680 2
0 0.521181 0.550589 0.536758 0.391946 0.494419 0.382593 0.478842 0.541235 2
