6 0.707401 0.603360 0.719019 0.448679 0.678218 0.441784 0.666600 0.596465 1
7 0.583538 0.426290 0.595987 0.261410 0.556709 0.254737 0.544259 0.419616 0
6 0.494668 0.418425 0.505880 0.262329 0.464437 0.255631 0.453225 0.411728 0
0 0.521459 0.602666 0.533291 0.444309 0.500785 0.438844 0.488952 0.597201 0
0 0.353341 0.417557 0.365162 0.257924 0.332127 0.252419 0.320305 0.412053 1
3 0.796762 0.604545 0.808080 0.446947 0.768925 0.440619 0.757606 0.598218 1
2 0.538329 0.420962 0.550392 0.261771 0.507746 0.254500 0.495683 0.413691 0
11 0.352428 0.606402 0.363662 0.444840 0.322988 0.438477 0.311755 0.600039 1
9 0.970648 0.605543 0.982517 0.445779 0.942369 0.439068 0.930500 0.598832 0
0 0.920112 0.601681 0.932094 0.445860 0.898902 0.440117 0.886921 0.595938 0
8 0.405609 0.417945 0.416940 0.263139 0.374838 0.256205 0.363506 0.411011 0
3 0.573535 0.600669 0.584757 0.445338 0.545932 0.439027 0.534710 0.594358 0
0 0.441337 0.418149 0.452630 0.263404 0.417807 0.257685 0.406513 0.412431 0
1 0.432356 0.600540 0.443582 0.443859 0.417905 0.439720 0.406680 0.596400 0
4 0.394806 0.601487 0.405719 0.443481 0.365750 0.437270 0.354837 0.595275 0
1 0.654459 0.605485 0.666168 0.446357 0.641221 0.442226 0.629512 0.601355 1
5 0.840869 0.602759 0.851499 0.449346 0.811493 0.443108 0.800862 0.596521 0
12 0.888997 0.528382 0.889187 0.511748 0.849290 0.510724 0.849100 0.527359 0
10 0.732712 0.578773 0.740094 0.481633 0.730134 0.479930 0.722753 0.577070 0
