0 0.467147 0.654001 0.475443 0.497652 0.441377 0.493585 0.433081 0.649934 0
9 0.905581 0.631322 0.913557 0.478736 0.875638 0.474276 0.867662 0.626862 0
2 0.777092 0.641692 0.785126 0.485494 0.743851 0.480718 0.735818 0.636915 0
5 0.733488 0.643423 0.741794 0.484647 0.700503 0.479787 0.692197 0.638563 1
7 0.519698 0.475194 0.527934 0.308308 0.490446 0.304146 0.482210 0.471032 0
6 0.432806 0.473294 0.441575 0.313598 0.401832 0.308688 0.393063 0.468384 0
0 0.856553 0.636000 0.864732 0.481170 0.831105 0.477173 0.822926 0.632003 1
0 0.296735 0.472460 0.305408 0.313735 0.271926 0.309618 0.263253 0.468344 0
9 0.515320 0.649357 0.523363 0.495809 0.484578 0.491238 0.476535 0.644786 0
0 0.383139 0.470506 0.391166 0.315750 0.356454 0.311699 0.348427 0.466454 0
5 0.645434 0.650092 0.653708 0.490233 0.613755 0.485580 0.605481 0.645439 0
8 0.346904 0.471598 0.355004 0.317361 0.313361 0.312441 0.305261 0.466678 0
11 0.300814 0.660400 0.308716 0.498274 0.269820 0.494008 0.261918 0.656135 0
4 0.343327 0.658457 0.351901 0.494287 0.312541 0.489662 0.303967 0.653831 0
2 0.475190 0.473723 0.483425 0.313843 0.444435 0.309325 0.436200 0.469204 0
1 0.380044 0.654456 0.388211 0.495086 0.361665 0.492026 0.353498 0.651396 0
1 0.595371 0.646771 0.603385 0.490299 0.579669 0.487566 0.571656 0.644038 0
12 0.824137 0.563960 0.823853 0.544172 0.784818 0.545434 0.785102 0.565222 0
10 0.669713 0.622520 0.674816 0.522354 0.663026 0.521002 0.657924 0.621169 0
