8 0.392172 0.423814 0.406669 0.270726 0.365754 0.262008 0.351257 0.415096 0
5 0.556248 0.616037 0.570604 0.460972 0.530662 0.452652 0.516307 0.607717 0
6 0.479293 0.431894 0.494638 0.273864 0.452072 0.264565 0.436728 0.422594 0
11 0.338886 0.610403 0.353796 0.448318 0.313954 0.440072 0.299044 0.602157 0
9 0.942944 0.636968 0.957076 0.483521 0.918342 0.475494 0.904210 0.628942 0
6 0.683846 0.625473 0.698687 0.471293 0.659595 0.462826 0.644754 0.617007 0
0 0.506881 0.613875 0.521775 0.458291 0.487064 0.450815 0.472171 0.606399 0
4 0.381681 0.607627 0.396159 0.450691 0.356201 0.442397 0.341724 0.599333 0
0 0.340715 0.421886 0.356008 0.262676 0.323020 0.255547 0.307727 0.414757 0
0 0.427813 0.424893 0.442009 0.271848 0.408314 0.264816 0.394118 0.417861 0
3 0.771879 0.631407 0.786770 0.471088 0.746962 0.462768 0.732071 0.623088 1
2 0.521771 0.434196 0.536751 0.276725 0.496919 0.268200 0.481940 0.425671 0
7 0.565277 0.436673 0.580092 0.277481 0.543774 0.269876 0.528959 0.429068 0
1 0.633518 0.622619 0.648394 0.468499 0.622056 0.462779 0.607179 0.616898 0
0 0.893024 0.634924 0.907948 0.480548 0.875228 0.473431 0.860304 0.627807 0
1 0.419404 0.608918 0.434585 0.451656 0.408812 0.446059 0.393631 0.603320 0
5 0.814863 0.632614 0.829102 0.477715 0.788150 0.469245 0.773911 0.624144 0
10 0.710238 0.602845 0.720116 0.504223 0.706768 0.501215 0.696890 0.599837 1
12 0.864217 0.559603 0.864718 0.541642 0.824729 0.539133 0.824228 0.557093 0
