6 0.697823 0.667084 0.709508 0.512475 0.668506 0.505502 0.656820 0.660111 1
0 0.561184 0.666792 0.572580 0.509370 0.539104 0.503917 0.527708 0.661339 0
0 0.352158 0.477289 0.363841 0.319633 0.331517 0.314243 0.319834 0.471899 0
9 0.950656 0.679131 0.962261 0.521707 0.920842 0.514837 0.909237 0.672261 2
3 0.781951 0.680366 0.794500 0.507614 0.753832 0.500967 0.741283 0.673719 2
2 0.533725 0.486442 0.545227 0.329510 0.502915 0.322533 0.491414 0.479465 0
0 0.437912 0.481106 0.449649 0.326226 0.416665 0.320602 0.404928 0.475481 0
8 0.403363 0.481969 0.414942 0.325414 0.373519 0.318521 0.361940 0.475076 0
4 0.394942 0.665646 0.406397 0.507906 0.366249 0.501347 0.354794 0.659086 0
6 0.489637 0.483916 0.501182 0.326356 0.460005 0.319567 0.448459 0.477127 1
11 0.353101 0.667509 0.364733 0.505642 0.325603 0.499315 0.313971 0.661182 0
7 0.574729 0.491415 0.587058 0.322669 0.550363 0.316637 0.538035 0.485383 0
5 0.827208 0.677537 0.839289 0.513038 0.794047 0.505563 0.781967 0.670061 2
1 0.431557 0.664932 0.443009 0.507460 0.417825 0.503339 0.406373 0.660811 0
1 0.647208 0.667948 0.658920 0.510026 0.632666 0.505645 0.620954 0.663567 0
1 0.516561 0.668913 0.528668 0.508044 0.504351 0.503926 0.492244 0.664796 0
0 0.904678 0.679293 0.916118 0.521979 0.877647 0.515684 0.866207 0.672999 2
10 0.722805 0.646012 0.730366 0.542581 0.715667 0.540164 0.708106 0.643595 0
12 0.874502 0.605845 0.874819 0.575386 0.832742 0.574400 0.832425 0.604859 2
