0 0.486123 0.591120 0.500983 0.435096 0.467488 0.427918 0.452629 0.583942 0
9 0.535718 0.595543 0.550194 0.438940 0.509595 0.430496 0.495119 0.587099 0
11 0.320860 0.589032 0.335881 0.426258 0.295629 0.417901 0.280609 0.580675 1
0 0.408684 0.407746 0.423440 0.253387 0.389134 0.246008 0.374379 0.400367 0
5 0.792717 0.610076 0.807312 0.455435 0.766629 0.446796 0.752034 0.601437 0
8 0.373779 0.405003 0.388301 0.250494 0.346837 0.241725 0.332315 0.396235 0
9 0.917466 0.613861 0.932223 0.459556 0.892537 0.451017 0.877781 0.605322 0
3 0.749238 0.614522 0.764662 0.452065 0.725562 0.443712 0.710138 0.606169 0
0 0.322833 0.402077 0.338072 0.241455 0.305092 0.234415 0.289853 0.395037 0
2 0.502661 0.413652 0.517915 0.254530 0.478177 0.245959 0.462924 0.405081 0
6 0.459688 0.409050 0.474598 0.252965 0.433902 0.244218 0.418992 0.400303 0
4 0.362302 0.587491 0.377007 0.429335 0.338473 0.421273 0.323768 0.579430 1
7 0.545175 0.422284 0.561047 0.252008 0.521850 0.243787 0.505978 0.414063 0
1 0.399678 0.589881 0.414605 0.430808 0.386613 0.424898 0.371686 0.583971 0
1 0.615789 0.603981 0.631132 0.443987 0.604168 0.438169 0.588825 0.598164 0
0 0.870816 0.609505 0.885317 0.458424 0.850931 0.450998 0.836430 0.602079 1
6 0.664002 0.600677 0.678990 0.448866 0.639793 0.440159 0.624805 0.591970 0
10 0.689191 0.579039 0.698826 0.480573 0.686913 0.477950 0.677278 0.576416 0
12 0.841583 0.537301 0.842172 0.517271 0.803398 0.514704 0.802809 0.534735 0
