6 0.596542 0.668294 0.606317 0.515204 0.567136 0.509575 0.557361 0.662665 0
5 0.726899 0.668725 0.737274 0.512436 0.695664 0.506220 0.685288 0.662509 1
2 0.431570 0.492841 0.441784 0.335151 0.401194 0.329236 0.390980 0.486926 0
0 0.418589 0.669047 0.428206 0.518275 0.394877 0.513492 0.385259 0.664263 1
8 0.305397 0.490017 0.315253 0.334410 0.273317 0.328434 0.263462 0.484041 0
0 0.253717 0.487739 0.263806 0.328815 0.232388 0.324327 0.222298 0.483252 0
3 0.684567 0.670504 0.694926 0.512532 0.654417 0.506555 0.644058 0.664527 0
6 0.388817 0.490379 0.398698 0.334040 0.358184 0.328278 0.348302 0.484618 1
6 0.469132 0.670433 0.478793 0.517079 0.437056 0.511163 0.427395 0.664517 1
0 0.806791 0.665782 0.816788 0.512065 0.782949 0.507114 0.772952 0.660831 0
4 0.296696 0.672039 0.306504 0.513520 0.267132 0.508039 0.257324 0.666558 0
7 0.472837 0.495489 0.483321 0.328813 0.447197 0.323701 0.436713 0.490376 0
9 0.861493 0.667312 0.872137 0.513438 0.825942 0.506248 0.815299 0.660122 2
11 0.255894 0.676887 0.265864 0.514517 0.227954 0.509280 0.217984 0.671650 0
1 0.333247 0.670495 0.343238 0.512685 0.316327 0.508852 0.306337 0.666662 0
0 0.339005 0.489970 0.349012 0.335786 0.315013 0.330821 0.305006 0.485005 0
1 0.548481 0.671308 0.559021 0.511976 0.533501 0.508178 0.522961 0.667510 0
12 0.775161 0.592584 0.775122 0.574854 0.735087 0.575053 0.735127 0.592783 0
10 0.622073 0.647315 0.628845 0.541921 0.616149 0.540086 0.609378 0.645480 0
