6 0.694325 0.666722 0.706678 0.510274 0.665697 0.502993 0.653343 0.659441 1
5 0.820763 0.665513 0.832519 0.513222 0.792846 0.506331 0.781091 0.658622 1
5 0.567036 0.661055 0.578878 0.506213 0.539328 0.499408 0.527487 0.654250 1
9 0.946723 0.671703 0.958616 0.518206 0.919696 0.511421 0.907802 0.664918 0
0 0.352151 0.474024 0.364590 0.316210 0.328889 0.309878 0.316450 0.467693 0
8 0.403125 0.476681 0.415125 0.321308 0.372454 0.313893 0.360454 0.469266 2
7 0.573339 0.481979 0.586380 0.312382 0.549553 0.306011 0.536512 0.475607 0
0 0.519677 0.660832 0.531551 0.504488 0.497199 0.498618 0.485325 0.654962 0
3 0.778827 0.670461 0.791216 0.508635 0.753242 0.502095 0.740854 0.663920 1
0 0.438869 0.475281 0.450611 0.322901 0.416216 0.316938 0.404474 0.469318 1
6 0.488627 0.479577 0.500933 0.319110 0.459935 0.312035 0.447628 0.472502 0
4 0.395323 0.662439 0.407368 0.500164 0.368024 0.493593 0.355978 0.655868 0
2 0.531405 0.483067 0.543675 0.323512 0.503320 0.316530 0.491050 0.476085 0
0 0.897815 0.668112 0.909393 0.516421 0.876688 0.510805 0.865110 0.662495 1
11 0.354428 0.670766 0.367318 0.496817 0.325334 0.489817 0.312444 0.663766 1
1 0.431176 0.658480 0.443158 0.500945 0.417159 0.496495 0.405177 0.654031 0
1 0.649235 0.664588 0.661711 0.505709 0.631781 0.500421 0.619304 0.659300 0
10 0.717033 0.650852 0.725396 0.539549 0.713968 0.537617 0.705605 0.648920 0
12 0.867029 0.594734 0.867196 0.576235 0.829295 0.575464 0.829127 0.593963 0
