7 0.531405 0.514867 0.541174 0.351634 0.503811 0.346603 0.494041 0.509835 0
6 0.447325 0.511650 0.456754 0.357052 0.416858 0.351577 0.407429 0.506175 0
9 0.527052 0.691128 0.536478 0.535460 0.497908 0.530206 0.488483 0.685873 1
0 0.312721 0.510801 0.321986 0.354547 0.289455 0.350208 0.280191 0.506461 0
0 0.399374 0.511600 0.408546 0.356563 0.373504 0.351899 0.364333 0.506936 0
9 0.911616 0.684934 0.921022 0.529069 0.879638 0.523450 0.870232 0.679315 0
0 0.479273 0.693588 0.489210 0.536600 0.454667 0.531680 0.444730 0.688669 2
2 0.488647 0.514739 0.498176 0.356226 0.459516 0.350997 0.449987 0.509510 0
3 0.738173 0.693328 0.747792 0.533693 0.707620 0.528246 0.698001 0.687881 1
8 0.363291 0.510870 0.372217 0.357584 0.331800 0.352289 0.322875 0.505575 0
11 0.316948 0.700520 0.326436 0.537105 0.286734 0.531919 0.277247 0.695334 1
6 0.652783 0.691235 0.662703 0.534982 0.622588 0.529252 0.612667 0.685504 0
4 0.358117 0.696781 0.367723 0.536497 0.326759 0.530973 0.317153 0.691257 1
0 0.862151 0.685877 0.871084 0.531917 0.837146 0.527487 0.828213 0.681446 0
5 0.781206 0.693423 0.790477 0.535778 0.749029 0.530293 0.739758 0.687938 0
1 0.604554 0.691934 0.613891 0.535380 0.588766 0.532009 0.579428 0.688562 0
1 0.392255 0.691946 0.401588 0.536063 0.378046 0.532892 0.368713 0.688775 0
12 0.828376 0.613039 0.828243 0.596113 0.789194 0.596802 0.789327 0.613728 0
10 0.677345 0.665493 0.683583 0.568890 0.671075 0.567073 0.664837 0.663676 0
1 0.434179 0.177932 0.435927 0.071108 0.411655 0.070214 0.409906 0.177038 0
10 0.920331 0.153640 0.927897 0.002070 0.907065 0.000000 0.899498 0.151300 0
0 0.488179 0.212692 0.488294 0.061797 0.444468 0.061722 0.444352 0.212617 0
