0 0.388704 0.563625 0.401444 0.405173 0.365577 0.398684 0.352836 0.557136 0
0 0.216944 0.380998 0.230112 0.216549 0.195375 0.210291 0.182208 0.374740 0
11 0.219713 0.563621 0.231617 0.401201 0.191452 0.394577 0.179548 0.556998 0
4 0.438938 0.564769 0.451235 0.405848 0.410075 0.398681 0.397778 0.557602 1
0 0.306902 0.376930 0.318621 0.219644 0.282266 0.213549 0.270547 0.370835 1
6 0.357466 0.381741 0.370065 0.220520 0.326887 0.212928 0.314287 0.374148 0
5 0.657346 0.565721 0.669450 0.408903 0.629029 0.401883 0.616924 0.558701 1
9 0.826975 0.569138 0.839072 0.413528 0.800574 0.406794 0.788477 0.562404 1
8 0.269306 0.380695 0.281719 0.219137 0.239816 0.211894 0.227404 0.373451 2
0 0.778649 0.567702 0.790440 0.411629 0.756392 0.405842 0.744602 0.561915 1
4 0.261814 0.560306 0.273968 0.401767 0.234687 0.394991 0.222533 0.553530 2
2 0.400782 0.381850 0.412956 0.223108 0.373443 0.216289 0.361269 0.375032 0
2 0.700316 0.566931 0.712181 0.412074 0.669954 0.404795 0.658089 0.559652 1
7 0.445195 0.385062 0.458493 0.215640 0.419823 0.208811 0.406526 0.378233 1
5 0.569809 0.565861 0.582448 0.406236 0.541936 0.399018 0.529297 0.558643 1
1 0.299643 0.560127 0.312098 0.402839 0.286521 0.398282 0.274066 0.555570 0
1 0.520305 0.563045 0.532853 0.402963 0.508357 0.398643 0.495809 0.558725 0
10 0.594896 0.539671 0.602144 0.442199 0.590346 0.440225 0.583097 0.537696 0
12 0.748335 0.491822 0.748506 0.474018 0.707898 0.473141 0.707727 0.490944 0
