0 0.847223 0.613914 0.860572 0.459847 0.821645 0.452258 0.808296 0.606325 2
8 0.350032 0.417540 0.363938 0.260623 0.323526 0.252565 0.309620 0.409481 0
4 0.342027 0.600162 0.355342 0.440557 0.316498 0.433265 0.303182 0.592870 0
0 0.464263 0.599789 0.477811 0.444059 0.443103 0.437265 0.429556 0.592996 0
6 0.434694 0.418266 0.448414 0.261550 0.408225 0.253633 0.394505 0.410350 0
3 0.722313 0.612736 0.736602 0.451732 0.696391 0.443703 0.682102 0.604707 1
0 0.300703 0.414512 0.314681 0.252269 0.281669 0.245870 0.267691 0.408112 0
2 0.477856 0.419820 0.491347 0.262612 0.451269 0.254874 0.437778 0.412082 0
8 0.512571 0.602528 0.525607 0.446714 0.486121 0.439281 0.473085 0.595095 0
11 0.301196 0.602545 0.314723 0.439453 0.276020 0.432230 0.262493 0.595323 0
0 0.386510 0.417892 0.400026 0.262732 0.365233 0.255912 0.351717 0.411072 0
1 0.591815 0.605455 0.605217 0.450073 0.576961 0.444589 0.563558 0.599971 0
5 0.764848 0.613356 0.778158 0.455922 0.737496 0.448187 0.724187 0.605622 1
1 0.378551 0.598243 0.392058 0.441809 0.363697 0.436299 0.350190 0.592733 0
7 0.519451 0.428731 0.533896 0.256537 0.497311 0.249631 0.482866 0.421825 0
6 0.639132 0.606671 0.652972 0.447285 0.613448 0.439563 0.599608 0.598949 0
9 0.890793 0.621900 0.904905 0.459513 0.863067 0.451331 0.848954 0.613719 2
12 0.812123 0.538662 0.812532 0.516818 0.771956 0.515106 0.771546 0.536951 0
10 0.666075 0.580522 0.675005 0.483394 0.658222 0.479922 0.649292 0.577050 0
