7 0.578314 0.604391 0.590083 0.446439 0.550665 0.439830 0.538896 0.597783 0
0 0.351865 0.417826 0.363832 0.259355 0.330242 0.253648 0.318276 0.412119 0
2 0.541015 0.424732 0.553101 0.266343 0.511513 0.259203 0.499427 0.417592 0
0 0.525699 0.602678 0.537720 0.446571 0.502097 0.440399 0.490076 0.596505 0
6 0.496100 0.423018 0.507942 0.264305 0.465695 0.257212 0.453853 0.415926 0
9 0.975329 0.609502 0.988090 0.443492 0.948144 0.436583 0.935383 0.602593 1
11 0.352627 0.606952 0.364664 0.445953 0.324144 0.439137 0.312107 0.600135 0
3 0.800611 0.607058 0.812331 0.450483 0.773621 0.443964 0.761901 0.600539 0
4 0.396756 0.603819 0.408579 0.442255 0.367636 0.435514 0.355813 0.597077 0
6 0.712626 0.607141 0.724463 0.449367 0.684716 0.442657 0.672879 0.600432 0
7 0.585060 0.428355 0.597774 0.262142 0.558803 0.255435 0.546088 0.421648 0
0 0.442534 0.418563 0.454323 0.263150 0.418797 0.257086 0.407008 0.412500 0
1 0.660222 0.604683 0.672211 0.448524 0.645619 0.443931 0.633630 0.600089 0
8 0.405485 0.420866 0.417369 0.263656 0.375246 0.256491 0.363362 0.413702 0
5 0.844382 0.605990 0.855601 0.452471 0.814591 0.445727 0.803372 0.599247 0
0 0.924704 0.603993 0.936356 0.449725 0.903051 0.444065 0.891399 0.598333 0
1 0.434006 0.600486 0.445882 0.444603 0.419686 0.440112 0.407810 0.595996 0
10 0.740033 0.580028 0.747404 0.486901 0.734682 0.484636 0.727311 0.577763 0
12 0.892653 0.532082 0.892861 0.513452 0.853446 0.512463 0.853238 0.531094 0
