6 0.671879 0.596943 0.682503 0.440277 0.643508 0.434328 0.632885 0.590994 0
2 0.509896 0.421363 0.521290 0.258619 0.481061 0.252282 0.469667 0.415026 0
6 0.468203 0.415413 0.478477 0.258927 0.436738 0.252761 0.426464 0.409247 0
0 0.539458 0.599441 0.549582 0.442279 0.516209 0.437441 0.506085 0.594604 0
5 0.795994 0.594613 0.806377 0.440925 0.767015 0.434942 0.756632 0.588630 0
9 0.918857 0.598633 0.929262 0.442225 0.892756 0.436761 0.882352 0.593169 0
7 0.552629 0.423817 0.563822 0.256226 0.526668 0.250643 0.515475 0.418234 0
11 0.333044 0.606034 0.343279 0.441222 0.302735 0.435557 0.292500 0.600369 0
0 0.416691 0.416330 0.426771 0.260384 0.392986 0.255470 0.382906 0.411417 0
3 0.755354 0.598182 0.766060 0.439358 0.727771 0.433551 0.717065 0.592375 0
4 0.374750 0.601064 0.385071 0.440972 0.345662 0.435255 0.335340 0.595347 0
0 0.330114 0.414049 0.340917 0.253749 0.308814 0.248881 0.298012 0.409182 0
8 0.382103 0.416314 0.392374 0.257359 0.350894 0.251329 0.340624 0.410284 0
0 0.872093 0.599436 0.882914 0.438853 0.850349 0.433916 0.839529 0.594499 1
1 0.410742 0.601819 0.421404 0.441003 0.394902 0.437050 0.384240 0.597866 1
1 0.495356 0.603555 0.506036 0.439623 0.480753 0.435917 0.470073 0.599849 0
1 0.622438 0.599577 0.633121 0.439924 0.608178 0.436169 0.597495 0.595822 0
12 0.841651 0.522232 0.841691 0.505286 0.803420 0.505081 0.803380 0.522027 0
10 0.695618 0.574622 0.702327 0.469690 0.690096 0.467930 0.683387 0.572863 0
