5 0.433426 0.629427 0.447693 0.474360 0.403846 0.465283 0.389579 0.620350 1
11 0.209660 0.623416 0.224554 0.459251 0.184795 0.451136 0.169902 0.615300 1
4 0.252645 0.621878 0.267249 0.463039 0.227252 0.454765 0.212648 0.613604 1
8 0.263838 0.437867 0.278539 0.283197 0.236036 0.274107 0.221334 0.428777 0
0 0.210254 0.434192 0.225014 0.275750 0.192172 0.268866 0.177412 0.427308 0
2 0.394516 0.447862 0.409169 0.290767 0.369468 0.282434 0.354814 0.439529 0
9 0.824376 0.651983 0.839335 0.494454 0.798872 0.485809 0.783913 0.643338 2
0 0.775288 0.648889 0.790428 0.491615 0.752420 0.483383 0.737281 0.640657 2
6 0.564584 0.639843 0.579617 0.481477 0.536861 0.472345 0.521828 0.630712 2
6 0.351158 0.442903 0.365605 0.288574 0.324763 0.279972 0.310316 0.434301 0
0 0.299040 0.439792 0.313634 0.285217 0.278995 0.277859 0.264402 0.432435 0
0 0.379628 0.625217 0.393484 0.470855 0.359388 0.463969 0.345532 0.618331 0
7 0.439434 0.452849 0.454449 0.289187 0.416210 0.281293 0.401195 0.444956 0
1 0.513484 0.635300 0.527961 0.480410 0.500110 0.474552 0.485633 0.629443 1
1 0.288795 0.621705 0.303500 0.464618 0.277911 0.459228 0.263205 0.616316 0
3 0.650919 0.644647 0.666527 0.483338 0.623379 0.473944 0.607771 0.635253 2
5 0.695762 0.651344 0.711128 0.486026 0.664020 0.476175 0.648655 0.641493 2
10 0.589590 0.620968 0.600956 0.504794 0.585723 0.501440 0.574357 0.617615 2
12 0.744873 0.582462 0.747039 0.546217 0.704467 0.540492 0.702300 0.576737 2
