2 0.313050 0.442963 0.317508 0.284615 0.277389 0.282073 0.272931 0.440422 0
0 0.218048 0.449596 0.222764 0.294616 0.187849 0.292226 0.183133 0.447206 0
0 0.306812 0.626314 0.311335 0.468534 0.277014 0.466321 0.272491 0.624101 0
8 0.182102 0.451901 0.186683 0.295427 0.143364 0.292574 0.138784 0.449048 1
11 0.138773 0.645380 0.143163 0.481300 0.101382 0.478785 0.096992 0.642865 1
5 0.486287 0.610328 0.490887 0.448648 0.450042 0.446033 0.445441 0.607713 0
5 0.574317 0.601529 0.578923 0.444706 0.538031 0.442004 0.533425 0.598827 0
7 0.357727 0.444179 0.362364 0.276783 0.323231 0.274345 0.318595 0.441741 0
4 0.355921 0.622434 0.360649 0.466336 0.320516 0.463601 0.315788 0.619699 0
6 0.269876 0.445192 0.274319 0.288327 0.232491 0.285661 0.228048 0.442526 0
9 0.744747 0.587095 0.749322 0.428548 0.707332 0.425821 0.702757 0.584368 0
0 0.694711 0.589507 0.699633 0.432768 0.666009 0.430392 0.661087 0.587132 1
4 0.181525 0.646954 0.186549 0.477417 0.144696 0.474626 0.139672 0.644163 1
2 0.618694 0.599757 0.623226 0.436839 0.580038 0.434136 0.575506 0.597053 1
0 0.129578 0.453283 0.134589 0.293712 0.100621 0.291312 0.095611 0.450883 0
1 0.218015 0.633348 0.222473 0.474315 0.194968 0.472580 0.190510 0.631613 0
1 0.437177 0.616645 0.441690 0.455293 0.415965 0.453674 0.411453 0.615027 0
10 0.510330 0.582134 0.513256 0.481951 0.501461 0.481176 0.498536 0.581359 0
12 0.661744 0.517902 0.661034 0.496484 0.621130 0.499459 0.621840 0.520876 0
