7 0.556925 0.474688 0.569153 0.307833 0.531271 0.301586 0.519043 0.468442 0
2 0.513313 0.468963 0.525306 0.313611 0.484815 0.306578 0.472822 0.461930 0
6 0.675806 0.652940 0.687676 0.495901 0.648542 0.489246 0.636672 0.646284 0
3 0.763152 0.654888 0.775117 0.492231 0.735891 0.485738 0.723925 0.648396 1
8 0.382567 0.463979 0.394272 0.308286 0.353483 0.301386 0.341778 0.457079 0
6 0.471223 0.469450 0.482748 0.308951 0.441100 0.302222 0.429575 0.462721 0
0 0.885552 0.655451 0.897363 0.498095 0.860731 0.491908 0.848919 0.649264 2
11 0.330669 0.650257 0.341829 0.488834 0.302654 0.482741 0.291494 0.644163 0
4 0.373606 0.649866 0.385382 0.490927 0.345247 0.484236 0.333471 0.643175 0
0 0.497765 0.650924 0.509531 0.493671 0.476249 0.488068 0.464483 0.645321 0
5 0.806367 0.654724 0.817896 0.495249 0.775898 0.488418 0.764370 0.647893 2
0 0.331140 0.460114 0.343210 0.303122 0.311083 0.297564 0.299013 0.454556 0
1 0.410581 0.647885 0.422311 0.491026 0.397129 0.486789 0.385399 0.643648 0
0 0.418875 0.466546 0.430506 0.308636 0.396632 0.303023 0.385001 0.460933 0
1 0.540083 0.647061 0.551664 0.491920 0.526913 0.487763 0.515333 0.642904 0
1 0.627974 0.647732 0.639008 0.496026 0.612053 0.491616 0.601020 0.643321 0
9 0.933741 0.655508 0.945675 0.498243 0.903703 0.491076 0.891769 0.648342 2
10 0.700983 0.625718 0.708247 0.530911 0.697123 0.528994 0.689859 0.623801 0
12 0.853880 0.584012 0.854396 0.557158 0.813421 0.555386 0.812905 0.582241 2
