7 0.557864 0.451744 0.566547 0.287484 0.527182 0.282803 0.518500 0.447063 0
9 0.552718 0.627411 0.560934 0.472938 0.519755 0.468010 0.511540 0.622483 0
6 0.687799 0.623311 0.696287 0.461995 0.655629 0.457182 0.647141 0.618498 1
2 0.512248 0.450136 0.520624 0.294417 0.480630 0.289577 0.472254 0.445296 0
9 0.951252 0.612372 0.959407 0.459005 0.920161 0.454310 0.912007 0.607677 0
8 0.380191 0.452959 0.388680 0.297257 0.345532 0.291964 0.337042 0.447666 0
6 0.467869 0.452128 0.476297 0.293830 0.433502 0.288703 0.425074 0.447002 1
3 0.777057 0.620320 0.785512 0.462310 0.745624 0.457508 0.737169 0.615518 0
0 0.326757 0.451036 0.335338 0.293483 0.301042 0.289281 0.292461 0.446833 0
0 0.903808 0.615233 0.912993 0.462493 0.876202 0.457515 0.867017 0.610255 1
0 0.415862 0.453903 0.424677 0.296614 0.389594 0.292190 0.380778 0.449479 0
11 0.330926 0.640575 0.339253 0.478255 0.298738 0.473578 0.290411 0.635899 0
4 0.373570 0.640037 0.381711 0.475796 0.340925 0.471247 0.332784 0.635488 0
0 0.501818 0.632913 0.510170 0.473467 0.475927 0.469431 0.467575 0.628877 0
5 0.821548 0.617506 0.829747 0.462162 0.787877 0.457190 0.779678 0.612533 0
1 0.412164 0.634625 0.420923 0.471718 0.393250 0.468370 0.384491 0.631278 0
1 0.635807 0.625243 0.644598 0.466831 0.619314 0.463674 0.610522 0.622086 0
10 0.713583 0.595411 0.718667 0.500586 0.703582 0.498766 0.698498 0.593592 0
12 0.870010 0.540124 0.869776 0.522861 0.828521 0.524122 0.828756 0.541385 0
