9 0.906139 0.629142 0.916706 0.476811 0.879517 0.471007 0.868951 0.623338 0
6 0.659211 0.630441 0.670780 0.474198 0.632843 0.467877 0.621274 0.624121 0
11 0.321618 0.633916 0.332517 0.471458 0.295212 0.465826 0.284313 0.628285 0
7 0.540079 0.452460 0.551737 0.282542 0.515261 0.276911 0.503603 0.446829 0
3 0.742232 0.631042 0.753177 0.473397 0.715795 0.467558 0.704850 0.625203 1
0 0.487314 0.629761 0.498526 0.470008 0.463191 0.464429 0.451979 0.624181 1
0 0.405040 0.444694 0.415894 0.289520 0.382117 0.284204 0.371263 0.439378 0
6 0.455563 0.447799 0.467026 0.289861 0.426531 0.283248 0.415068 0.441186 1
8 0.369578 0.444710 0.380663 0.289063 0.340637 0.282650 0.329552 0.438297 0
2 0.497874 0.449442 0.509373 0.288787 0.470298 0.282494 0.458799 0.443149 1
7 0.535785 0.629846 0.546680 0.471842 0.509337 0.466048 0.498441 0.624052 0
0 0.320226 0.444115 0.331568 0.285729 0.298949 0.280474 0.287606 0.438859 0
5 0.783812 0.632413 0.794881 0.474817 0.752901 0.468184 0.741833 0.625780 0
4 0.364489 0.630216 0.375931 0.469892 0.336505 0.463561 0.325064 0.623885 0
1 0.401737 0.629912 0.413021 0.471583 0.386223 0.467286 0.374939 0.625615 0
1 0.612250 0.629160 0.623300 0.470795 0.597970 0.466818 0.586920 0.625183 0
0 0.858304 0.630563 0.869335 0.476256 0.835396 0.470797 0.824366 0.625105 1
10 0.684344 0.607976 0.692028 0.506516 0.680193 0.504499 0.672509 0.605959 0
12 0.829419 0.560762 0.830169 0.534781 0.791985 0.532301 0.791235 0.558282 0
