5 0.584506 0.614848 0.598108 0.458755 0.557273 0.450749 0.543671 0.606841 1
2 0.713444 0.619714 0.726805 0.465551 0.686758 0.457741 0.673397 0.611905 1
5 0.670846 0.615903 0.684125 0.464151 0.645406 0.456527 0.632126 0.608279 0
7 0.463822 0.436498 0.478049 0.270231 0.440467 0.262996 0.426240 0.429262 0
0 0.241461 0.418014 0.255987 0.259314 0.223616 0.252648 0.209091 0.411347 0
9 0.846806 0.631423 0.861635 0.468881 0.813466 0.458993 0.798637 0.621536 1
3 0.454871 0.609121 0.468658 0.453286 0.430114 0.445613 0.416327 0.601449 0
11 0.240582 0.608746 0.254286 0.445404 0.214737 0.437938 0.201032 0.601280 0
0 0.406013 0.608604 0.420379 0.451253 0.387124 0.444421 0.372758 0.601772 0
4 0.282358 0.605275 0.295963 0.446806 0.256503 0.439183 0.242898 0.597652 0
8 0.291971 0.420717 0.305695 0.265588 0.265511 0.257589 0.251787 0.412718 0
2 0.420205 0.429521 0.433927 0.271474 0.395330 0.263934 0.381608 0.421981 0
6 0.378567 0.425249 0.392115 0.267527 0.351843 0.259744 0.338294 0.417465 0
0 0.793994 0.622564 0.807805 0.468134 0.771124 0.460753 0.757313 0.615183 1
0 0.327675 0.423481 0.341563 0.264719 0.307996 0.258113 0.294109 0.416875 0
1 0.318930 0.603985 0.333070 0.447149 0.307559 0.441974 0.293419 0.598810 0
1 0.535590 0.615912 0.549771 0.455356 0.522787 0.449993 0.508606 0.610549 0
12 0.761855 0.545816 0.762299 0.527260 0.723287 0.525164 0.722844 0.543719 0
10 0.609476 0.586614 0.618005 0.493419 0.604175 0.490571 0.595647 0.583767 0
