0 0.353175 0.439366 0.366766 0.278503 0.332661 0.272019 0.319070 0.432882 0
7 0.578353 0.452915 0.591393 0.292759 0.553889 0.285889 0.540850 0.446045 0
5 0.827744 0.642919 0.839812 0.488425 0.797934 0.481065 0.785866 0.635559 1
6 0.698391 0.636784 0.711229 0.483915 0.670226 0.476167 0.657388 0.629036 0
3 0.783571 0.642567 0.796899 0.483996 0.758232 0.476684 0.744905 0.635254 1
2 0.569239 0.635823 0.582319 0.475044 0.542904 0.467829 0.529823 0.628608 0
2 0.533967 0.450756 0.547473 0.290705 0.508245 0.283257 0.494740 0.443308 0
0 0.440940 0.441944 0.454034 0.281523 0.419503 0.275181 0.406409 0.435603 0
9 0.956362 0.651600 0.970358 0.471609 0.928156 0.464225 0.914160 0.644216 2
6 0.492405 0.446676 0.505484 0.289336 0.463556 0.281494 0.450477 0.438834 0
4 0.394192 0.624696 0.406800 0.466096 0.367658 0.459094 0.355049 0.617695 0
8 0.404644 0.440998 0.417091 0.287787 0.375811 0.280241 0.363363 0.433452 0
11 0.351512 0.626611 0.364877 0.464525 0.326243 0.457357 0.312878 0.619443 0
0 0.908284 0.646449 0.920937 0.491696 0.883271 0.484767 0.870618 0.639520 2
0 0.518268 0.629692 0.531355 0.474037 0.498297 0.467783 0.485210 0.623438 0
1 0.431953 0.624058 0.444930 0.465920 0.418538 0.461047 0.405560 0.619185 0
1 0.649910 0.636709 0.662777 0.477203 0.635335 0.472222 0.622468 0.631728 0
12 0.876919 0.570887 0.877198 0.550520 0.836552 0.549264 0.836273 0.569632 0
10 0.724478 0.614404 0.732642 0.516912 0.719343 0.514406 0.711178 0.611898 0
