5 0.798422 0.596960 0.811800 0.442011 0.771784 0.434237 0.758406 0.589186 0
3 0.754956 0.597644 0.767887 0.440514 0.729107 0.433334 0.716176 0.590463 0
6 0.666482 0.593083 0.680121 0.438365 0.639766 0.430360 0.626127 0.585079 0
9 0.927526 0.595883 0.940041 0.444113 0.901169 0.436901 0.888654 0.588671 0
6 0.457931 0.405367 0.471121 0.246777 0.430279 0.239134 0.417089 0.397725 0
0 0.485925 0.589043 0.499191 0.433649 0.465028 0.427086 0.451762 0.582481 0
2 0.502127 0.408674 0.515402 0.248130 0.474661 0.240551 0.461386 0.401095 0
7 0.545440 0.413939 0.559843 0.243203 0.523822 0.236366 0.509418 0.407102 0
7 0.536170 0.593705 0.549235 0.431935 0.511302 0.425042 0.498237 0.586811 0
8 0.369290 0.400110 0.382503 0.243321 0.341265 0.235501 0.328052 0.392291 1
11 0.313976 0.588058 0.327341 0.423419 0.287137 0.416076 0.273771 0.580715 1
4 0.356906 0.587264 0.370141 0.424781 0.330814 0.417573 0.317579 0.580056 0
0 0.316574 0.397124 0.329892 0.238892 0.297151 0.232691 0.283832 0.390923 0
1 0.394787 0.584205 0.408031 0.427811 0.382744 0.422993 0.369501 0.579388 0
0 0.877150 0.596408 0.889640 0.443683 0.857264 0.437726 0.844774 0.590451 0
0 0.406294 0.401465 0.419172 0.244782 0.384164 0.238308 0.371286 0.394991 1
1 0.617931 0.593565 0.631590 0.435134 0.606513 0.430270 0.592854 0.588701 0
10 0.691476 0.572445 0.699985 0.470226 0.689827 0.468323 0.681318 0.570542 0
12 0.847189 0.525168 0.847536 0.506995 0.807952 0.505292 0.807604 0.523464 0
