6 0.650214 0.639466 0.659661 0.484352 0.620086 0.478929 0.610640 0.634044 0
3 0.736050 0.639709 0.746224 0.478528 0.705952 0.472808 0.695778 0.633990 1
4 0.347495 0.647015 0.356891 0.486258 0.317963 0.481139 0.308567 0.641896 0
2 0.484715 0.462659 0.494185 0.306651 0.454895 0.301285 0.445426 0.457294 0
9 0.901963 0.629412 0.911448 0.474483 0.872345 0.469097 0.862861 0.624026 0
1 0.512808 0.642655 0.522324 0.485675 0.496491 0.482151 0.486975 0.639132 0
0 0.392654 0.460407 0.401984 0.305882 0.367444 0.301190 0.358114 0.455714 0
0 0.854125 0.632576 0.863389 0.475413 0.830440 0.471043 0.821176 0.628207 0
8 0.355704 0.460782 0.365314 0.303369 0.324599 0.297776 0.314989 0.455190 0
6 0.442051 0.461111 0.451431 0.306343 0.411290 0.300869 0.401911 0.455637 0
11 0.306839 0.648756 0.316337 0.487015 0.276277 0.481722 0.266779 0.643463 0
0 0.304535 0.457995 0.314544 0.296459 0.282075 0.291932 0.272066 0.453468 0
7 0.528589 0.464202 0.538495 0.302217 0.501400 0.297113 0.491494 0.459098 0
1 0.385945 0.643880 0.395691 0.486082 0.368971 0.482368 0.359224 0.640166 0
5 0.777821 0.635904 0.787542 0.480044 0.746682 0.474310 0.736961 0.630170 1
1 0.599086 0.640525 0.608309 0.484695 0.585397 0.481644 0.576174 0.637474 0
0 0.472523 0.645236 0.482201 0.488774 0.448661 0.484106 0.438983 0.640568 0
12 0.824546 0.560854 0.824384 0.542318 0.785767 0.543076 0.785929 0.561612 0
10 0.674817 0.612061 0.680500 0.518267 0.668983 0.516696 0.663299 0.610490 0
