6 0.481713 0.201992 0.493598 0.045680 0.452006 0.038565 0.440122 0.194877 0
8 0.394415 0.199893 0.405469 0.044784 0.363338 0.038028 0.352284 0.193137 0
0 0.906602 0.391797 0.918583 0.233710 0.878333 0.226847 0.866352 0.384933 2
2 0.525422 0.205611 0.537214 0.047489 0.497523 0.040829 0.485731 0.198951 0
4 0.386557 0.386203 0.398176 0.224825 0.357459 0.218229 0.345841 0.379607 0
11 0.344639 0.391611 0.356164 0.225205 0.315299 0.218837 0.303774 0.385243 0
0 0.558569 0.385089 0.570705 0.225326 0.535797 0.219359 0.523660 0.379122 0
0 0.431394 0.201905 0.442435 0.044217 0.405473 0.038394 0.394432 0.196083 0
0 0.341678 0.197939 0.353167 0.039628 0.320375 0.034274 0.308886 0.192585 0
3 0.782788 0.400118 0.796147 0.224489 0.748186 0.216281 0.734826 0.391909 2
1 0.424504 0.385987 0.436587 0.225880 0.406798 0.220822 0.394715 0.380928 0
1 0.645440 0.386822 0.657864 0.227571 0.628768 0.222464 0.616344 0.381715 2
1 0.513560 0.388396 0.526535 0.223199 0.497386 0.218048 0.484412 0.383245 0
9 0.952534 0.394949 0.964838 0.232707 0.921202 0.225261 0.908898 0.387503 2
6 0.714264 0.392695 0.726691 0.228228 0.661252 0.217103 0.648825 0.381570 2
7 0.569261 0.207870 0.581031 0.043195 0.544881 0.037382 0.533112 0.202057 0
4 0.824883 0.391207 0.837313 0.231391 0.794596 0.223915 0.782166 0.383731 2
12 0.870622 0.319768 0.871238 0.291970 0.830926 0.289959 0.830310 0.317757 2
