2 0.320704 0.501319 0.326517 0.339888 0.287219 0.336704 0.281407 0.498135 0
0 0.312518 0.679590 0.318464 0.521590 0.284966 0.518754 0.279020 0.676753 1
0 0.691557 0.654901 0.697483 0.496316 0.660659 0.493220 0.654733 0.651805 2
5 0.485260 0.665579 0.491082 0.512737 0.452466 0.509427 0.446643 0.662270 0
0 0.230528 0.504034 0.236503 0.347448 0.202925 0.344566 0.196950 0.501151 0
9 0.745499 0.650412 0.750948 0.493900 0.702451 0.490101 0.697001 0.646613 2
5 0.571972 0.660467 0.577771 0.504356 0.537809 0.501016 0.532010 0.657127 1
8 0.196416 0.505148 0.201704 0.351424 0.161611 0.348321 0.156323 0.502044 0
7 0.362405 0.502199 0.368652 0.333159 0.331112 0.330038 0.324866 0.499078 0
11 0.154108 0.697389 0.159394 0.533946 0.121072 0.531157 0.115785 0.694600 0
6 0.279117 0.502967 0.284982 0.343582 0.245753 0.340335 0.239888 0.499720 0
0 0.148365 0.508413 0.154093 0.349526 0.121067 0.346847 0.115339 0.505735 0
4 0.194211 0.692286 0.199798 0.529649 0.160618 0.526620 0.155030 0.689257 0
2 0.613121 0.660677 0.619333 0.502805 0.577033 0.499060 0.570821 0.656932 1
1 0.436387 0.672887 0.442649 0.513473 0.415093 0.511038 0.408831 0.670452 0
1 0.228610 0.689432 0.234672 0.526872 0.208063 0.524639 0.202002 0.687200 0
1 0.351462 0.677810 0.357732 0.517264 0.332235 0.515023 0.325965 0.675570 1
12 0.657988 0.583619 0.657326 0.561293 0.614886 0.564127 0.615548 0.586452 0
10 0.509104 0.640404 0.512706 0.540713 0.499886 0.539671 0.496284 0.639361 0
