0 0.200840 0.406975 0.214078 0.247887 0.180995 0.241692 0.167756 0.400781 0
2 0.676959 0.601717 0.689522 0.448271 0.649330 0.440867 0.636767 0.594313 0
5 0.634172 0.600457 0.647045 0.444634 0.607125 0.437214 0.594252 0.593037 0
0 0.409328 0.593110 0.422246 0.434380 0.389110 0.428312 0.376193 0.587043 0
5 0.546541 0.598063 0.559595 0.441941 0.520127 0.434516 0.507073 0.590637 1
8 0.252145 0.410364 0.265055 0.254057 0.223943 0.246417 0.211033 0.402724 0
7 0.424584 0.415615 0.437783 0.251821 0.400554 0.245071 0.387355 0.408865 0
2 0.381162 0.414110 0.394207 0.254570 0.354420 0.247251 0.341376 0.406790 0
11 0.201385 0.595334 0.214030 0.433244 0.175273 0.426440 0.162628 0.588531 0
0 0.287027 0.409665 0.299809 0.253552 0.266484 0.247412 0.253702 0.403525 0
0 0.756693 0.602431 0.769419 0.448150 0.736292 0.442002 0.723567 0.596283 0
1 0.281049 0.592480 0.293789 0.434625 0.265390 0.429468 0.252650 0.587323 0
9 0.805516 0.603551 0.818283 0.449530 0.778341 0.442081 0.765574 0.596102 0
4 0.243833 0.592827 0.256213 0.434145 0.215992 0.427084 0.203611 0.585766 0
6 0.337956 0.410585 0.350807 0.251820 0.310225 0.244429 0.297374 0.403194 0
1 0.496645 0.595346 0.509661 0.437836 0.484073 0.433078 0.471057 0.590588 0
1 0.365626 0.592491 0.378796 0.435030 0.353891 0.430343 0.340721 0.587804 0
10 0.572265 0.573838 0.580134 0.475900 0.568673 0.473828 0.560804 0.571766 0
12 0.726434 0.528924 0.726726 0.510192 0.687749 0.508825 0.687457 0.527557 0
