5 0.681365 0.620782 0.689849 0.461296 0.649037 0.456411 0.640553 0.615897 1
5 0.592737 0.623959 0.601448 0.466428 0.560309 0.461309 0.551597 0.618841 0
0 0.410726 0.626886 0.419165 0.471431 0.383896 0.467123 0.375456 0.622578 1
0 0.234098 0.447487 0.243347 0.290322 0.210599 0.285986 0.201350 0.443150 0
2 0.724864 0.616745 0.733026 0.458258 0.691302 0.453423 0.683140 0.611910 0
2 0.420823 0.450307 0.429755 0.290173 0.388673 0.285017 0.379741 0.445151 0
11 0.239007 0.636005 0.247374 0.473193 0.206733 0.468494 0.198366 0.631306 0
9 0.852816 0.606848 0.861085 0.453291 0.822977 0.448673 0.814708 0.602231 0
9 0.459795 0.626204 0.468341 0.469661 0.427985 0.464704 0.419438 0.621246 1
6 0.376594 0.449485 0.385119 0.290763 0.343627 0.285749 0.335102 0.444471 0
7 0.465901 0.451825 0.475003 0.284770 0.435816 0.279965 0.426714 0.447021 0
0 0.804105 0.609609 0.812517 0.456709 0.778473 0.452495 0.770061 0.605395 0
8 0.286903 0.450140 0.295399 0.294665 0.253939 0.289567 0.245443 0.445042 0
0 0.323795 0.449324 0.331968 0.293547 0.297296 0.289454 0.289122 0.445231 0
4 0.282953 0.630626 0.291322 0.474563 0.249221 0.469483 0.240852 0.625546 0
1 0.319468 0.628336 0.327747 0.474045 0.300463 0.470751 0.292185 0.625042 0
1 0.538981 0.625367 0.548016 0.460806 0.523779 0.457812 0.514744 0.622373 0
10 0.617108 0.600146 0.622723 0.497292 0.610695 0.495815 0.605080 0.598669 0
12 0.770143 0.537743 0.769976 0.519355 0.729583 0.520178 0.729750 0.538566 0
