0 0.467984 0.612052 0.481409 0.449692 0.439140 0.441828 0.425714 0.604188 0
6 0.646893 0.609195 0.660016 0.451862 0.620762 0.444495 0.607638 0.601828 1
2 0.483296 0.426837 0.496301 0.266582 0.454149 0.258885 0.441144 0.419140 0
5 0.517829 0.607561 0.530496 0.450885 0.489655 0.443456 0.476988 0.600131 0
0 0.302949 0.420651 0.316720 0.256979 0.280542 0.250131 0.266771 0.413802 1
3 0.733077 0.614414 0.746484 0.453859 0.706528 0.446352 0.693121 0.606907 1
5 0.775214 0.615469 0.788251 0.457728 0.746225 0.449913 0.733188 0.607654 1
0 0.853236 0.618124 0.866289 0.463953 0.832677 0.457550 0.819623 0.611721 1
9 0.901384 0.620634 0.914034 0.468134 0.874112 0.460682 0.861461 0.613183 1
0 0.391706 0.421309 0.403988 0.264086 0.367471 0.257668 0.355189 0.414890 0
8 0.355026 0.421168 0.367801 0.262589 0.324349 0.254713 0.311574 0.413292 1
4 0.344245 0.619169 0.357795 0.443390 0.318009 0.436490 0.304460 0.612268 0
1 0.381401 0.606643 0.394891 0.444741 0.369472 0.439976 0.355982 0.601878 0
1 0.596463 0.610546 0.609635 0.449784 0.580572 0.444426 0.567400 0.605188 1
11 0.304321 0.611836 0.317601 0.443905 0.275773 0.436463 0.262493 0.604394 0
7 0.524540 0.432920 0.538824 0.261679 0.501298 0.254636 0.487014 0.425877 0
6 0.440608 0.425637 0.454207 0.262757 0.409807 0.254416 0.396208 0.417296 0
12 0.823812 0.543624 0.824228 0.523277 0.785112 0.521478 0.784696 0.541825 0
10 0.671720 0.586814 0.680017 0.488835 0.667640 0.486476 0.659343 0.584455 0
