2 0.696555 0.540503 0.708889 0.387424 0.666579 0.379754 0.654246 0.532832 0
2 0.435606 0.529120 0.449997 0.369450 0.411216 0.361586 0.396825 0.521255 0
5 0.652010 0.539002 0.665969 0.385742 0.626413 0.377635 0.612453 0.530896 0
0 0.386084 0.526364 0.400459 0.369030 0.367394 0.362232 0.353018 0.519567 0
0 0.222687 0.332917 0.237498 0.173230 0.204105 0.166261 0.189294 0.325948 0
0 0.308547 0.339668 0.323146 0.183559 0.288725 0.176316 0.274125 0.332425 0
11 0.220168 0.522882 0.234572 0.360831 0.194493 0.352814 0.180088 0.514866 1
9 0.820888 0.542965 0.835154 0.388761 0.797987 0.381025 0.783721 0.535228 0
8 0.273869 0.338213 0.288051 0.182039 0.246663 0.173583 0.232481 0.329757 0
6 0.359348 0.342157 0.373784 0.185158 0.333318 0.176786 0.318881 0.333785 0
2 0.402488 0.346810 0.417444 0.187704 0.377710 0.179300 0.362754 0.338406 0
0 0.773533 0.540885 0.787139 0.388002 0.754266 0.381419 0.740660 0.534303 0
5 0.567031 0.535436 0.581793 0.379336 0.540721 0.370597 0.525959 0.526697 1
7 0.444755 0.353862 0.460277 0.185872 0.423663 0.178260 0.408142 0.346251 0
1 0.298432 0.521113 0.312997 0.364063 0.287893 0.358824 0.273328 0.515875 0
4 0.262044 0.521391 0.276336 0.363644 0.236920 0.355609 0.222628 0.513356 1
1 0.518481 0.533261 0.533161 0.375166 0.504528 0.369184 0.489849 0.527279 0
12 0.742882 0.466164 0.743314 0.449016 0.701784 0.446659 0.701351 0.463807 0
10 0.591501 0.511731 0.601141 0.406978 0.589564 0.404581 0.579924 0.509334 0
