7 0.453060 0.423215 0.468196 0.254368 0.429542 0.246571 0.414406 0.415418 0
5 0.665623 0.607175 0.679576 0.452850 0.640223 0.444844 0.626269 0.599169 0
0 0.315209 0.409367 0.329057 0.254421 0.294605 0.247493 0.280757 0.402439 0
2 0.445230 0.597107 0.459091 0.441924 0.419274 0.433923 0.405413 0.589105 0
2 0.709764 0.608899 0.722850 0.456172 0.683131 0.448515 0.670045 0.601242 1
0 0.790843 0.615766 0.805945 0.452039 0.770540 0.444691 0.755438 0.608419 2
5 0.577681 0.604213 0.592351 0.446034 0.550902 0.437385 0.536233 0.595564 0
9 0.838777 0.622952 0.853419 0.459401 0.812621 0.451184 0.797979 0.614734 2
6 0.366526 0.412732 0.380735 0.256054 0.339759 0.247693 0.325550 0.404371 0
2 0.409714 0.415806 0.423964 0.258832 0.384618 0.250796 0.370369 0.407769 0
0 0.395937 0.597715 0.409829 0.439419 0.374550 0.432453 0.360658 0.590749 0
8 0.279313 0.408659 0.293053 0.254530 0.251914 0.246278 0.238174 0.400408 0
11 0.226707 0.594372 0.241530 0.430662 0.203164 0.422846 0.188342 0.586557 0
4 0.270617 0.592829 0.284367 0.434413 0.244149 0.426559 0.230399 0.584974 0
0 0.227967 0.404587 0.242669 0.243609 0.209751 0.236845 0.195049 0.397822 0
1 0.527617 0.602660 0.542037 0.443282 0.514690 0.437715 0.500270 0.597093 0
1 0.306863 0.593127 0.320810 0.433545 0.292659 0.428009 0.278712 0.587591 0
10 0.602910 0.581304 0.612009 0.481736 0.599863 0.479239 0.590764 0.578806 0
12 0.759243 0.538452 0.760065 0.514921 0.719760 0.511754 0.718938 0.535284 0
