9 0.501904 0.602154 0.518887 0.448573 0.477920 0.438380 0.460937 0.591961 0
0 0.369284 0.406216 0.386125 0.253708 0.349999 0.244732 0.333158 0.397240 0
9 0.908311 0.638654 0.925659 0.485201 0.886228 0.475172 0.868880 0.628624 0
5 0.774602 0.626576 0.791529 0.473252 0.750081 0.462957 0.733155 0.616281 0
0 0.277043 0.398776 0.294593 0.241439 0.259475 0.232625 0.241925 0.389962 0
0 0.448571 0.597465 0.465871 0.442105 0.431533 0.433502 0.414233 0.588861 0
6 0.638883 0.616005 0.656357 0.463353 0.615197 0.452751 0.597722 0.605404 0
2 0.469837 0.422235 0.487948 0.263379 0.444569 0.252251 0.426457 0.411107 0
3 0.729940 0.626668 0.747787 0.465441 0.706756 0.455221 0.688909 0.616448 0
7 0.515390 0.432426 0.534954 0.258533 0.492860 0.247877 0.473296 0.421770 0
0 0.858282 0.630853 0.874603 0.481424 0.840627 0.473073 0.824305 0.622502 0
8 0.330991 0.404494 0.348295 0.250598 0.305743 0.239832 0.288439 0.393728 0
6 0.424280 0.416573 0.442015 0.254632 0.399114 0.244061 0.381379 0.406002 0
4 0.317717 0.587094 0.335271 0.428516 0.294037 0.418246 0.276483 0.576824 1
11 0.272814 0.585524 0.290492 0.422552 0.249628 0.412579 0.231950 0.575550 0
1 0.357194 0.590070 0.374597 0.433530 0.345185 0.426173 0.327782 0.582712 0
1 0.587889 0.611514 0.605288 0.455894 0.578640 0.449191 0.561241 0.604811 0
10 0.664835 0.597325 0.676646 0.493952 0.666470 0.491336 0.654659 0.594709 0
12 0.827000 0.555959 0.827723 0.538514 0.788736 0.534881 0.788013 0.552326 0
0 0.495280 0.152453 0.502216 0.015651 0.458137 0.010623 0.451202 0.147425 0
