0 0.234680 0.438263 0.247196 0.280907 0.212885 0.274767 0.200369 0.432123 0
8 0.286564 0.442471 0.298312 0.286837 0.255778 0.279613 0.244031 0.435248 0
2 0.415266 0.451314 0.427918 0.286751 0.388396 0.279914 0.375744 0.444477 0
11 0.236970 0.628750 0.248833 0.463847 0.209351 0.457456 0.197488 0.622359 0
5 0.588370 0.628305 0.599981 0.471125 0.558225 0.464185 0.546614 0.621365 0
0 0.403299 0.627975 0.415370 0.468191 0.382003 0.462520 0.369932 0.622303 0
9 0.847704 0.629358 0.859406 0.474107 0.821119 0.467613 0.809416 0.622865 0
2 0.718117 0.627927 0.729124 0.474905 0.688130 0.468270 0.677122 0.621292 0
0 0.322515 0.443959 0.334378 0.283800 0.297613 0.277673 0.285751 0.437833 0
5 0.675750 0.630296 0.687111 0.474001 0.647069 0.467452 0.635708 0.623747 0
7 0.460301 0.453573 0.473139 0.282230 0.433816 0.275601 0.420978 0.446944 0
6 0.372677 0.443624 0.384225 0.287140 0.342218 0.280165 0.330670 0.436649 1
4 0.278423 0.624394 0.289971 0.465485 0.250925 0.459101 0.239377 0.618009 0
3 0.453748 0.628897 0.465534 0.470320 0.426747 0.463833 0.414960 0.622411 0
0 0.799272 0.629973 0.811526 0.474172 0.776695 0.468008 0.764440 0.623809 0
1 0.537599 0.627827 0.549235 0.470035 0.522317 0.465569 0.510681 0.623361 0
1 0.315349 0.622366 0.327251 0.465558 0.302181 0.461276 0.290279 0.618084 0
12 0.766932 0.555364 0.767094 0.536718 0.728175 0.535961 0.728014 0.554606 0
10 0.612805 0.606737 0.620521 0.507193 0.606383 0.504728 0.598667 0.604271 0
