6 0.652228 0.640825 0.662791 0.483263 0.623205 0.477292 0.612642 0.634854 0
6 0.521831 0.640434 0.531694 0.485751 0.489914 0.479757 0.480051 0.634441 0
9 0.908030 0.633896 0.918213 0.480387 0.878468 0.474454 0.868284 0.627964 0
3 0.737641 0.641013 0.748430 0.480322 0.708713 0.474321 0.697924 0.635012 1
7 0.525423 0.465934 0.536376 0.298143 0.499128 0.292672 0.488175 0.460463 0
0 0.304834 0.454225 0.315522 0.295323 0.282495 0.290325 0.271806 0.449226 0
6 0.440951 0.457097 0.451660 0.296560 0.410602 0.290398 0.399894 0.450935 0
4 0.348563 0.640058 0.358941 0.481287 0.320524 0.475637 0.310147 0.634408 0
0 0.471202 0.640490 0.481587 0.485371 0.448059 0.480321 0.437674 0.635439 0
11 0.307115 0.644998 0.318136 0.479048 0.278458 0.473119 0.267437 0.639069 1
8 0.355487 0.455753 0.365779 0.299808 0.324339 0.293655 0.314047 0.449599 0
0 0.390255 0.455908 0.400381 0.299711 0.366320 0.294742 0.356194 0.450940 0
2 0.483575 0.461302 0.494200 0.302044 0.453378 0.295916 0.442753 0.455174 0
1 0.602348 0.640742 0.612577 0.482527 0.587392 0.478863 0.577163 0.637079 0
0 0.859843 0.635247 0.870098 0.480451 0.835525 0.475298 0.825270 0.630093 0
1 0.384182 0.639169 0.394664 0.480932 0.368281 0.477000 0.357799 0.635237 0
5 0.780775 0.638619 0.790985 0.483215 0.749732 0.477117 0.739522 0.632521 0
12 0.827617 0.562587 0.827740 0.545107 0.789379 0.544503 0.789256 0.561983 0
10 0.678044 0.615678 0.684606 0.519625 0.671527 0.517614 0.664965 0.613668 0
