6 0.655943 0.595816 0.670742 0.444506 0.630368 0.435621 0.615569 0.586931 0
0 0.474394 0.592110 0.489230 0.434114 0.454346 0.426744 0.439510 0.584740 1
2 0.491105 0.412327 0.506359 0.249919 0.466901 0.241580 0.451647 0.403989 0
7 0.536342 0.416168 0.552190 0.246017 0.513593 0.237928 0.497745 0.408079 0
9 0.917237 0.617630 0.932798 0.454665 0.893820 0.446290 0.878258 0.609255 0
8 0.363954 0.400129 0.379018 0.242495 0.336464 0.233346 0.321400 0.390980 1
3 0.744422 0.602823 0.759332 0.444045 0.719445 0.435617 0.704534 0.594395 0
11 0.308640 0.584623 0.323700 0.420731 0.283661 0.412453 0.268601 0.576345 1
0 0.311996 0.396214 0.327436 0.235222 0.294133 0.228036 0.278693 0.389028 0
4 0.352009 0.584133 0.366855 0.425961 0.326236 0.417383 0.311390 0.575555 1
0 0.398510 0.404880 0.413510 0.246341 0.378221 0.238828 0.363221 0.397367 1
6 0.449045 0.407791 0.464062 0.247006 0.422285 0.238226 0.407267 0.399011 1
0 0.867908 0.603823 0.882608 0.451943 0.850341 0.444916 0.835641 0.596796 0
1 0.603689 0.597763 0.618818 0.436583 0.593685 0.431275 0.578556 0.592455 0
1 0.517832 0.591958 0.532329 0.437359 0.506245 0.431855 0.491747 0.586454 0
1 0.387098 0.589451 0.402245 0.427211 0.374529 0.421388 0.359382 0.583629 0
5 0.788654 0.602401 0.802470 0.449314 0.761758 0.441046 0.747941 0.594134 0
12 0.837791 0.530172 0.838351 0.512222 0.798569 0.509432 0.798010 0.527382 0
10 0.682977 0.574407 0.692540 0.476749 0.679932 0.473971 0.670370 0.571630 0
