0 0.373556 0.601083 0.384190 0.444548 0.350710 0.439431 0.340077 0.595966 0
8 0.253600 0.418364 0.264633 0.258294 0.223366 0.251895 0.212334 0.411965 0
6 0.425320 0.601079 0.435803 0.444008 0.392994 0.437580 0.382510 0.594651 0
11 0.204608 0.605779 0.215021 0.445779 0.175700 0.440021 0.165287 0.600021 0
5 0.644329 0.599756 0.654630 0.444662 0.615003 0.438740 0.604701 0.593834 0
9 0.815759 0.599434 0.826678 0.441931 0.786593 0.435679 0.775674 0.593181 0
6 0.342184 0.418572 0.352625 0.262556 0.310585 0.256226 0.300144 0.412242 1
2 0.384000 0.421324 0.394923 0.262112 0.353782 0.255762 0.342860 0.414974 0
5 0.557190 0.601460 0.568017 0.443530 0.526942 0.437194 0.516115 0.595124 0
4 0.247582 0.601205 0.258187 0.443381 0.218411 0.437368 0.207807 0.595192 0
7 0.428261 0.426182 0.439827 0.258221 0.401258 0.252245 0.389693 0.420207 0
0 0.201989 0.416743 0.213074 0.256260 0.179150 0.250988 0.168065 0.411470 0
2 0.688195 0.598467 0.698235 0.447041 0.656848 0.440867 0.646808 0.592293 0
0 0.766526 0.598575 0.777164 0.445659 0.744186 0.440497 0.733548 0.593414 0
0 0.290628 0.417200 0.301220 0.260353 0.267125 0.255173 0.256533 0.412020 0
1 0.285783 0.599781 0.296568 0.442809 0.269232 0.438583 0.258448 0.595555 0
1 0.505280 0.600748 0.515650 0.445260 0.491443 0.441627 0.481074 0.597116 0
12 0.735332 0.524855 0.735401 0.507393 0.695838 0.507042 0.695769 0.524504 0
10 0.581180 0.576025 0.588270 0.475583 0.577618 0.473891 0.570528 0.574333 0
