5 0.677056 0.555727 0.689502 0.401711 0.650761 0.394667 0.638315 0.548683 0
0 0.413607 0.547664 0.426236 0.392675 0.392744 0.386535 0.380115 0.541524 0
2 0.428774 0.369751 0.442180 0.205407 0.401321 0.197907 0.387915 0.362251 0
6 0.384739 0.366068 0.398011 0.207747 0.358450 0.200285 0.345178 0.358606 0
5 0.589822 0.553819 0.602910 0.398682 0.564767 0.391442 0.551679 0.546578 0
11 0.247566 0.549471 0.260731 0.385502 0.222030 0.378511 0.208865 0.542480 0
7 0.461901 0.549149 0.474640 0.391838 0.435536 0.384713 0.422797 0.542024 0
0 0.248508 0.360732 0.261684 0.201454 0.227893 0.195164 0.214717 0.354443 0
9 0.845656 0.558480 0.858131 0.405321 0.820265 0.398381 0.807790 0.551540 0
8 0.300122 0.363325 0.313153 0.208228 0.270991 0.200257 0.257959 0.355354 0
2 0.719037 0.554711 0.730976 0.403038 0.691816 0.396102 0.679877 0.547775 1
7 0.469172 0.370027 0.482791 0.208220 0.446314 0.201313 0.432695 0.363119 0
0 0.798742 0.556550 0.811586 0.403991 0.777920 0.397613 0.765076 0.550173 0
4 0.290819 0.547809 0.303944 0.387984 0.264544 0.380704 0.251419 0.540529 0
0 0.335409 0.364146 0.348540 0.206167 0.313939 0.199696 0.300807 0.357675 0
1 0.328118 0.545903 0.341312 0.386751 0.314517 0.381753 0.301323 0.540905 0
1 0.540197 0.551482 0.552880 0.395730 0.528998 0.391355 0.516316 0.547107 0
10 0.616521 0.531805 0.625056 0.430893 0.612098 0.428428 0.603563 0.529339 0
12 0.768127 0.483439 0.768412 0.464063 0.728437 0.462738 0.728152 0.482113 0
