4 0.453562 0.597815 0.464946 0.438229 0.425364 0.431876 0.413980 0.591462 1
8 0.285840 0.407385 0.296651 0.253051 0.254910 0.246472 0.244098 0.400806 0
9 0.836828 0.591089 0.847603 0.432934 0.809595 0.427108 0.798820 0.585263 0
0 0.404225 0.593925 0.415386 0.435021 0.380693 0.429538 0.369532 0.588442 0
0 0.233304 0.403831 0.244787 0.248173 0.212034 0.242736 0.200550 0.398394 0
5 0.669315 0.594020 0.680309 0.434208 0.640498 0.428046 0.629504 0.587858 0
11 0.236063 0.597148 0.247574 0.429481 0.206632 0.423157 0.195121 0.590824 0
6 0.374611 0.412165 0.386341 0.250102 0.343812 0.243176 0.332082 0.405239 0
2 0.417255 0.414062 0.429029 0.249483 0.387570 0.242809 0.375796 0.407388 0
5 0.584190 0.593050 0.595256 0.436562 0.554701 0.430109 0.543635 0.586598 0
2 0.711442 0.592365 0.722188 0.436355 0.681065 0.429982 0.670319 0.585992 1
7 0.463416 0.415156 0.474703 0.250547 0.434932 0.244411 0.423645 0.409020 0
4 0.277564 0.593626 0.288855 0.432851 0.248192 0.426426 0.236901 0.587201 0
0 0.322180 0.408126 0.333058 0.250257 0.296402 0.244574 0.285524 0.402443 0
1 0.315221 0.591182 0.326571 0.433379 0.300497 0.429159 0.289147 0.586963 0
0 0.788618 0.591458 0.799520 0.434456 0.765199 0.429094 0.754298 0.586096 0
1 0.534307 0.596093 0.545401 0.438172 0.518717 0.433954 0.507624 0.591876 0
10 0.608114 0.568434 0.615115 0.466296 0.602560 0.464360 0.595559 0.566497 0
12 0.759121 0.521464 0.759533 0.497828 0.719061 0.496243 0.718650 0.519878 0
