7 0.529732 0.388353 0.545247 0.220991 0.507606 0.213140 0.492092 0.380502 0
9 0.905187 0.582984 0.919370 0.428385 0.880794 0.420422 0.866611 0.575022 0
6 0.443136 0.378776 0.458438 0.222089 0.415274 0.212604 0.399972 0.369291 0
2 0.486404 0.382957 0.501454 0.221534 0.461278 0.213106 0.446229 0.374530 0
6 0.650262 0.567786 0.665372 0.410941 0.625236 0.402241 0.610125 0.559085 0
4 0.345549 0.556976 0.359914 0.398221 0.319784 0.390051 0.305418 0.548805 0
4 0.520802 0.562872 0.535185 0.407787 0.496636 0.399743 0.482253 0.554828 1
0 0.303513 0.373149 0.318795 0.208757 0.285145 0.201719 0.269864 0.366111 1
0 0.391539 0.376147 0.406032 0.218942 0.371269 0.211731 0.356776 0.368937 1
3 0.737027 0.574064 0.752101 0.413146 0.711748 0.404641 0.696674 0.565558 0
0 0.857282 0.579418 0.871157 0.425793 0.837188 0.418890 0.823313 0.572515 0
11 0.302415 0.560001 0.317446 0.394542 0.277725 0.386423 0.262694 0.551882 0
8 0.355131 0.372618 0.369659 0.215063 0.327441 0.206305 0.312913 0.363859 1
0 0.470859 0.560125 0.485122 0.405828 0.452068 0.398954 0.437805 0.553251 0
5 0.779195 0.575898 0.793471 0.420417 0.752238 0.411900 0.737963 0.567381 0
1 0.382869 0.556250 0.397025 0.400308 0.369549 0.394695 0.355393 0.550638 0
1 0.600598 0.564541 0.615175 0.409254 0.591062 0.404161 0.576485 0.559448 0
10 0.675289 0.543163 0.684198 0.449452 0.672968 0.447049 0.664058 0.540761 0
12 0.828051 0.503608 0.828684 0.484359 0.788135 0.481356 0.787501 0.500605 0
