5 0.760959 0.593360 0.774087 0.426845 0.731005 0.419202 0.717876 0.585718 2
8 0.544494 0.585000 0.556976 0.426060 0.516266 0.418867 0.503784 0.577807 2
2 0.507248 0.404180 0.519781 0.245472 0.480122 0.238426 0.467589 0.397134 0
9 0.929633 0.592124 0.942300 0.431975 0.900920 0.424611 0.888253 0.584759 2
8 0.375512 0.397536 0.387839 0.241001 0.345710 0.233536 0.333383 0.390071 0
6 0.464811 0.399781 0.477192 0.243821 0.435859 0.236438 0.423479 0.392398 0
11 0.322973 0.584752 0.335565 0.420580 0.294317 0.413462 0.281725 0.577634 0
7 0.550356 0.410852 0.564135 0.241056 0.526447 0.234175 0.512669 0.403971 0
0 0.322047 0.394668 0.334592 0.237440 0.301545 0.231508 0.289000 0.388736 0
4 0.366397 0.581919 0.379084 0.421428 0.339648 0.414413 0.326961 0.574905 0
0 0.494648 0.583876 0.507266 0.427743 0.470636 0.421082 0.458018 0.577216 0
0 0.412149 0.397503 0.424646 0.241949 0.389346 0.235568 0.376849 0.391122 0
2 0.802825 0.589836 0.815401 0.430710 0.773801 0.423312 0.761225 0.582439 2
0 0.882299 0.591581 0.894603 0.433792 0.858751 0.427502 0.846447 0.585290 2
1 0.403857 0.580218 0.416601 0.419933 0.392224 0.415571 0.379479 0.575857 0
1 0.625200 0.590181 0.638947 0.426114 0.607834 0.420248 0.594086 0.584315 2
5 0.673915 0.590858 0.687466 0.426008 0.644891 0.418133 0.631340 0.582983 2
12 0.850382 0.520060 0.850940 0.492710 0.810651 0.490861 0.810093 0.518212 2
10 0.702143 0.567455 0.710302 0.463068 0.689915 0.459483 0.681756 0.563870 2
