6 0.701088 0.632259 0.713798 0.468008 0.666853 0.459835 0.654144 0.624086 2
0 0.519432 0.626094 0.531596 0.466004 0.495326 0.459802 0.483161 0.619893 2
5 0.827197 0.637599 0.840291 0.464323 0.795674 0.456737 0.782580 0.630013 2
11 0.347652 0.622819 0.359646 0.458929 0.319215 0.452271 0.307220 0.616161 0
2 0.534153 0.443352 0.546246 0.282173 0.505060 0.275220 0.492967 0.436399 0
7 0.579156 0.444594 0.591633 0.276482 0.553664 0.270142 0.541187 0.438254 1
8 0.570511 0.626333 0.582295 0.467171 0.539117 0.459978 0.527333 0.619140 2
0 0.437358 0.436806 0.449415 0.279501 0.414811 0.273533 0.402754 0.430838 0
6 0.489646 0.440633 0.501762 0.279509 0.459007 0.272275 0.446891 0.433399 0
8 0.401106 0.436005 0.412902 0.278527 0.371198 0.271499 0.359402 0.428976 0
0 0.348055 0.432824 0.360055 0.274433 0.326872 0.268776 0.314871 0.427167 0
4 0.391374 0.622781 0.403452 0.460582 0.362657 0.453747 0.350580 0.615946 0
9 0.951334 0.631420 0.962779 0.471561 0.918800 0.464476 0.907355 0.624335 2
1 0.652059 0.631401 0.664515 0.466851 0.632350 0.461373 0.619894 0.625922 2
3 0.783230 0.633452 0.795905 0.463082 0.755050 0.456242 0.742374 0.626612 2
1 0.428820 0.620010 0.440654 0.460302 0.413921 0.455845 0.402088 0.615554 1
0 0.908747 0.631857 0.921134 0.470108 0.876248 0.462373 0.863861 0.624123 2
12 0.869444 0.558411 0.869872 0.531672 0.834392 0.530393 0.833963 0.557132 2
