2 0.739138 0.561553 0.750303 0.406512 0.708865 0.399798 0.697699 0.554839 1
2 0.441267 0.376662 0.453173 0.218414 0.414696 0.211901 0.402790 0.370149 0
8 0.310625 0.372723 0.322281 0.217045 0.281651 0.210200 0.269995 0.365878 0
0 0.471728 0.554970 0.483236 0.398105 0.450503 0.392702 0.438994 0.549567 0
11 0.261417 0.560070 0.272818 0.397531 0.234089 0.391418 0.222688 0.553957 0
5 0.696020 0.560671 0.707919 0.404090 0.668074 0.397277 0.656176 0.553859 0
5 0.609410 0.559880 0.621258 0.405208 0.581654 0.398381 0.569805 0.553054 0
9 0.867781 0.561250 0.879371 0.406070 0.840260 0.399498 0.828670 0.554678 0
4 0.304698 0.556222 0.316080 0.397842 0.275821 0.391332 0.264439 0.549713 0
6 0.398354 0.372295 0.410260 0.215929 0.370985 0.209200 0.359079 0.365566 0
0 0.347731 0.371135 0.359204 0.215856 0.323357 0.209897 0.311884 0.365175 0
0 0.817812 0.559983 0.829614 0.405547 0.795926 0.399755 0.784124 0.554191 0
0 0.258967 0.370094 0.271576 0.213042 0.239120 0.207178 0.226511 0.364231 0
7 0.485122 0.380748 0.497483 0.215112 0.459511 0.208736 0.447149 0.374372 0
1 0.343239 0.557327 0.355168 0.397795 0.325798 0.392854 0.313869 0.552385 0
1 0.427659 0.552623 0.438904 0.397444 0.414235 0.393422 0.402990 0.548601 0
1 0.558503 0.558702 0.570330 0.402662 0.545883 0.398493 0.534057 0.554533 0
12 0.786752 0.486947 0.786978 0.468240 0.747665 0.467173 0.747439 0.485880 0
10 0.634897 0.534291 0.642610 0.433037 0.629191 0.430737 0.621478 0.531991 0
