6 0.697061 0.581616 0.707239 0.426730 0.666296 0.420677 0.656118 0.575563 0
5 0.825098 0.582234 0.835638 0.426991 0.794307 0.420677 0.783766 0.575919 1
0 0.435435 0.404213 0.445808 0.248603 0.409773 0.243198 0.399399 0.398808 0
5 0.565948 0.583031 0.575816 0.428232 0.537264 0.422703 0.527396 0.577502 0
6 0.486351 0.404924 0.496928 0.247205 0.455249 0.240916 0.444672 0.398635 0
0 0.516912 0.583656 0.527034 0.429238 0.493092 0.424232 0.482970 0.578650 0
3 0.781129 0.583879 0.791633 0.424999 0.752886 0.419235 0.742382 0.578115 0
8 0.400050 0.404549 0.410468 0.250196 0.367417 0.243658 0.356999 0.398011 0
11 0.348759 0.595157 0.359294 0.429013 0.317806 0.423094 0.307272 0.589238 0
2 0.529910 0.406687 0.540387 0.248075 0.499910 0.242058 0.489432 0.400671 0
0 0.903002 0.581314 0.913409 0.427060 0.879825 0.421962 0.869418 0.576216 0
7 0.572819 0.409541 0.584228 0.241662 0.547640 0.236067 0.536230 0.403946 0
9 0.952440 0.582262 0.962831 0.427142 0.924224 0.421323 0.913833 0.576443 0
0 0.347090 0.403569 0.358084 0.245076 0.324827 0.239885 0.313833 0.398379 0
4 0.390884 0.588788 0.401113 0.429614 0.360978 0.423810 0.350749 0.582985 0
1 0.645350 0.583858 0.655897 0.426194 0.629781 0.422263 0.619235 0.579927 0
1 0.428290 0.584074 0.438657 0.427252 0.413485 0.423509 0.403119 0.580330 0
12 0.870642 0.508567 0.870679 0.490044 0.833063 0.489875 0.833026 0.508399 0
10 0.719469 0.561989 0.726087 0.453916 0.714378 0.452303 0.707760 0.560376 0
