8 0.447374 0.544258 0.458015 0.385908 0.416593 0.379646 0.405952 0.537995 0
5 0.577732 0.543513 0.588481 0.387150 0.549088 0.381057 0.538339 0.537420 0
2 0.409489 0.364590 0.420797 0.204923 0.381439 0.198652 0.370131 0.358318 0
0 0.228568 0.362919 0.239957 0.201084 0.206402 0.195770 0.195012 0.357605 0
9 0.840355 0.542999 0.851415 0.386686 0.807828 0.379747 0.796768 0.536060 1
7 0.454321 0.369872 0.465994 0.199026 0.427306 0.193078 0.415632 0.363924 0
5 0.664761 0.545421 0.675693 0.386045 0.636529 0.380000 0.625597 0.539377 1
0 0.396640 0.548424 0.407588 0.387304 0.372229 0.381898 0.361281 0.543019 0
6 0.366330 0.362598 0.377230 0.204271 0.336582 0.197975 0.325682 0.356301 0
0 0.316514 0.361665 0.327099 0.206244 0.292694 0.200972 0.282109 0.356393 0
4 0.270884 0.548008 0.281361 0.387238 0.242292 0.381509 0.231815 0.542279 0
8 0.279734 0.364866 0.290220 0.208015 0.247904 0.201650 0.237418 0.358501 0
0 0.786673 0.542741 0.797515 0.387057 0.764081 0.381818 0.753240 0.537503 1
11 0.228579 0.552686 0.239632 0.387301 0.200279 0.381383 0.189226 0.546768 0
1 0.307946 0.545502 0.319122 0.385765 0.291983 0.381493 0.280808 0.541230 0
2 0.708326 0.545669 0.719738 0.388672 0.678856 0.381986 0.667444 0.538982 0
1 0.528118 0.545261 0.539262 0.386331 0.510942 0.381863 0.499798 0.540793 0
10 0.602579 0.517229 0.609332 0.421014 0.598400 0.419288 0.591648 0.515503 0
12 0.757398 0.471119 0.757500 0.450945 0.713264 0.450443 0.713162 0.470616 0
