5 0.657272 0.579932 0.669802 0.423360 0.628706 0.415960 0.616176 0.572532 0
0 0.310954 0.392583 0.323362 0.234662 0.286074 0.228070 0.273665 0.385991 1
8 0.272790 0.392832 0.285198 0.234990 0.243644 0.227640 0.231236 0.385482 0
4 0.442312 0.575477 0.454732 0.417338 0.414421 0.410214 0.402002 0.568354 0
2 0.404721 0.395691 0.417410 0.235310 0.376939 0.228105 0.364249 0.388487 0
9 0.826984 0.584637 0.839256 0.431413 0.801483 0.424606 0.789211 0.577830 0
11 0.222631 0.581044 0.235270 0.416519 0.194937 0.409548 0.182298 0.574073 0
0 0.391269 0.575339 0.403710 0.418501 0.369703 0.412431 0.357261 0.569269 0
5 0.569946 0.581716 0.582820 0.422332 0.543301 0.415150 0.530427 0.574534 0
6 0.360369 0.394816 0.372859 0.236982 0.331563 0.229629 0.319073 0.387463 0
0 0.221049 0.388595 0.233972 0.231100 0.200395 0.224901 0.187472 0.382396 0
0 0.778397 0.582173 0.790588 0.429582 0.757025 0.423549 0.744834 0.576139 0
2 0.698272 0.583461 0.709498 0.423213 0.672011 0.417304 0.660784 0.577552 0
4 0.265180 0.577099 0.277681 0.415737 0.236979 0.408643 0.224478 0.570004 0
7 0.446970 0.396922 0.460012 0.231639 0.422794 0.225031 0.409752 0.390314 0
1 0.301359 0.574961 0.314331 0.414816 0.287404 0.409909 0.274432 0.570053 0
1 0.521166 0.577861 0.533689 0.420557 0.507942 0.415945 0.495418 0.573248 0
12 0.748157 0.507933 0.748394 0.490212 0.710281 0.489066 0.710044 0.506787 0
10 0.595121 0.555257 0.603162 0.453765 0.591578 0.451700 0.583538 0.553192 0
