6 0.457771 0.452902 0.472022 0.293629 0.430919 0.285354 0.416668 0.444627 0
0 0.405815 0.446686 0.420027 0.290921 0.384713 0.283672 0.370502 0.439437 0
6 0.665559 0.637883 0.680274 0.486622 0.640563 0.477930 0.625849 0.629192 1
11 0.315457 0.629041 0.330155 0.465091 0.290725 0.457137 0.276026 0.621088 0
0 0.317349 0.438425 0.332032 0.280526 0.298869 0.273588 0.284186 0.431486 0
0 0.484351 0.633944 0.499022 0.476886 0.465378 0.469815 0.450708 0.626873 0
3 0.752028 0.646854 0.766379 0.487212 0.727883 0.479426 0.713532 0.639068 0
9 0.919153 0.649411 0.932971 0.498584 0.894465 0.490646 0.880646 0.641473 0
2 0.501626 0.454982 0.516318 0.293595 0.475900 0.285316 0.461208 0.446703 0
8 0.368184 0.443475 0.382460 0.289303 0.340802 0.280623 0.326525 0.434796 0
7 0.544053 0.455362 0.558992 0.294308 0.521894 0.286565 0.506955 0.447619 0
0 0.871417 0.648332 0.885314 0.495413 0.851674 0.488534 0.837777 0.641453 1
4 0.358169 0.629273 0.372495 0.469361 0.333368 0.461474 0.319041 0.621386 0
7 0.534576 0.637906 0.548409 0.479475 0.508010 0.471539 0.494178 0.629970 0
5 0.794136 0.647232 0.808214 0.491103 0.768726 0.483091 0.754648 0.639220 0
1 0.615177 0.641270 0.630014 0.482890 0.602827 0.477160 0.587989 0.635539 0
1 0.396133 0.628621 0.410564 0.472101 0.385323 0.466865 0.370892 0.623384 0
10 0.691134 0.618285 0.700372 0.520537 0.688378 0.517987 0.679141 0.615734 0
12 0.843994 0.574643 0.844818 0.549873 0.804032 0.546821 0.803208 0.571591 0
