7 0.581055 0.389741 0.596223 0.221820 0.558855 0.214225 0.543687 0.382146 0
2 0.536312 0.383441 0.550747 0.224066 0.510101 0.215782 0.495665 0.375157 0
0 0.349849 0.372858 0.364472 0.211919 0.331303 0.205138 0.316680 0.366078 0
5 0.787423 0.574281 0.801355 0.421604 0.762402 0.413606 0.748469 0.566283 0
5 0.701602 0.568952 0.715916 0.411760 0.676390 0.403662 0.662076 0.560854 0
8 0.572436 0.566768 0.586239 0.409393 0.545137 0.401282 0.531335 0.558657 0
0 0.523392 0.566678 0.537312 0.407501 0.500533 0.400264 0.486614 0.559442 0
11 0.348764 0.561467 0.363310 0.398501 0.322052 0.390215 0.307506 0.553181 0
6 0.494127 0.379477 0.508011 0.221221 0.465161 0.212762 0.451277 0.371018 0
8 0.403312 0.376587 0.417457 0.219188 0.375256 0.210655 0.361112 0.368054 0
0 0.440211 0.376767 0.454006 0.221610 0.419385 0.214684 0.405590 0.369841 0
4 0.391620 0.559109 0.405609 0.399821 0.365687 0.391932 0.351698 0.551220 0
0 0.910092 0.579299 0.923450 0.426240 0.888229 0.419324 0.874871 0.572383 1
2 0.829439 0.577339 0.842920 0.424371 0.803671 0.416588 0.790191 0.569557 0
1 0.652069 0.567831 0.665667 0.410959 0.641227 0.406193 0.627629 0.563065 0
1 0.432001 0.559809 0.446182 0.401324 0.418904 0.395832 0.404723 0.554317 0
9 0.959230 0.582982 0.973115 0.425724 0.931282 0.417414 0.917398 0.574672 2
12 0.879330 0.504074 0.879702 0.487637 0.838502 0.485544 0.838131 0.501980 0
10 0.726645 0.546221 0.736994 0.434148 0.725080 0.431673 0.714732 0.543746 0
