7 0.429827 0.407055 0.440697 0.245443 0.403708 0.239845 0.392838 0.401457 0
5 0.551482 0.588588 0.562311 0.430014 0.522453 0.423890 0.511624 0.582464 0
5 0.636352 0.586946 0.646830 0.431311 0.607563 0.425363 0.597085 0.580998 0
7 0.423394 0.589419 0.434177 0.432416 0.394963 0.426356 0.384179 0.583359 0
6 0.345128 0.409735 0.356451 0.249112 0.315747 0.242656 0.304423 0.403279 0
9 0.802810 0.585635 0.813459 0.431254 0.775690 0.425392 0.765041 0.579774 0
0 0.209070 0.403332 0.220560 0.245646 0.188631 0.240411 0.177140 0.398097 0
2 0.386332 0.410346 0.397729 0.245673 0.357877 0.239468 0.346480 0.404140 0
8 0.258927 0.408368 0.270032 0.252593 0.230418 0.246239 0.219313 0.402014 0
11 0.209975 0.595345 0.221388 0.429572 0.182575 0.423561 0.171163 0.589334 0
0 0.373117 0.590306 0.384240 0.432901 0.350195 0.427488 0.339071 0.584893 0
0 0.296181 0.408159 0.306860 0.248690 0.270916 0.243274 0.260237 0.402743 0
4 0.252129 0.590878 0.263120 0.429344 0.223995 0.423354 0.213004 0.584888 1
1 0.499996 0.587740 0.511090 0.429348 0.483367 0.424980 0.472274 0.583371 0
2 0.678373 0.584947 0.688907 0.432767 0.648189 0.426425 0.637654 0.578605 0
0 0.754959 0.583422 0.765429 0.431152 0.733206 0.426166 0.722735 0.578437 1
1 0.288362 0.590422 0.299216 0.430840 0.270851 0.426499 0.259997 0.586081 0
12 0.724369 0.511719 0.724446 0.493481 0.686715 0.493125 0.686638 0.511363 0
10 0.575900 0.560852 0.582553 0.465476 0.571321 0.463713 0.564668 0.559089 0
