3 0.734425 0.648447 0.747731 0.487385 0.708443 0.480082 0.695136 0.641144 0
5 0.777305 0.648080 0.789815 0.491973 0.746632 0.484186 0.734122 0.640294 0
0 0.305437 0.450625 0.318894 0.291949 0.286294 0.285728 0.272837 0.444404 0
6 0.647658 0.644009 0.660641 0.486994 0.620393 0.479506 0.607410 0.636522 0
4 0.517110 0.640050 0.529821 0.485019 0.491010 0.477860 0.478300 0.632891 0
0 0.468428 0.638210 0.481832 0.478588 0.448419 0.472275 0.435015 0.631897 0
0 0.854750 0.647458 0.866836 0.497858 0.832839 0.491678 0.820752 0.641278 0
2 0.483126 0.461729 0.496266 0.300262 0.457168 0.293103 0.444028 0.454571 0
0 0.391017 0.453410 0.403231 0.300618 0.367821 0.294249 0.355606 0.447041 0
9 0.902611 0.650327 0.914957 0.498160 0.875720 0.490997 0.863374 0.643164 0
7 0.524783 0.465337 0.538521 0.295525 0.502389 0.288948 0.488651 0.458760 0
6 0.441579 0.455912 0.454503 0.299269 0.412844 0.291536 0.399920 0.448179 1
4 0.348556 0.637498 0.361215 0.476402 0.321331 0.469350 0.308672 0.630447 0
11 0.305692 0.641080 0.318851 0.476657 0.279215 0.469520 0.266056 0.633943 0
8 0.355711 0.456149 0.368843 0.297028 0.328009 0.289445 0.314876 0.448566 1
1 0.601396 0.644794 0.614205 0.485963 0.585481 0.480751 0.572672 0.639582 0
1 0.382582 0.635612 0.395129 0.479309 0.369211 0.474627 0.356664 0.630931 0
10 0.672462 0.617770 0.680566 0.519616 0.670328 0.517715 0.662225 0.615868 0
12 0.824443 0.574515 0.824679 0.556660 0.784596 0.555472 0.784361 0.573327 0
