9 0.907606 0.642669 0.919225 0.483216 0.881268 0.476992 0.869648 0.636446 0
0 0.385331 0.454145 0.397184 0.299048 0.362609 0.293103 0.350756 0.448199 0
6 0.435441 0.457292 0.447170 0.300283 0.406428 0.293435 0.394699 0.450444 0
0 0.858088 0.641482 0.869773 0.486708 0.836838 0.481113 0.825154 0.635888 1
0 0.466255 0.639685 0.478238 0.484064 0.445351 0.478366 0.433368 0.633987 0
2 0.478999 0.459644 0.490998 0.299333 0.450847 0.292572 0.438848 0.452882 0
6 0.648015 0.641382 0.659645 0.485020 0.619343 0.478275 0.607713 0.634638 0
11 0.300914 0.643711 0.312928 0.479253 0.272931 0.472678 0.260916 0.637136 1
8 0.351004 0.454899 0.363538 0.295145 0.320075 0.287473 0.307542 0.447227 1
3 0.735558 0.646479 0.747934 0.483121 0.707799 0.476280 0.695423 0.639637 1
5 0.779187 0.645475 0.790483 0.485791 0.749114 0.479207 0.737818 0.638891 1
4 0.515075 0.640284 0.526992 0.484814 0.487881 0.478068 0.475964 0.633539 1
0 0.298755 0.453234 0.310822 0.291477 0.277868 0.285946 0.265801 0.447702 0
7 0.521912 0.463562 0.534462 0.295736 0.497226 0.289471 0.484676 0.457297 0
4 0.342530 0.639964 0.353673 0.481011 0.314783 0.474877 0.303640 0.633829 0
1 0.378938 0.637187 0.390633 0.479795 0.365739 0.475634 0.354044 0.633025 0
1 0.598846 0.640910 0.610402 0.485320 0.583820 0.480877 0.572264 0.636468 0
10 0.673351 0.615474 0.680611 0.521843 0.669907 0.519975 0.662647 0.613607 0
12 0.826624 0.568323 0.826757 0.549312 0.787701 0.548697 0.787568 0.567708 0
