0 0.229035 0.443478 0.240850 0.284948 0.207777 0.279402 0.195962 0.437932 0
5 0.573855 0.625820 0.585178 0.472709 0.545816 0.466160 0.534494 0.619271 0
5 0.658388 0.626936 0.669999 0.469585 0.631930 0.463264 0.620318 0.620615 0
9 0.826833 0.625864 0.838332 0.468503 0.800078 0.462214 0.788579 0.619575 1
9 0.444684 0.626031 0.455990 0.471271 0.415419 0.464603 0.404113 0.619362 0
0 0.777680 0.625759 0.788581 0.471093 0.757152 0.466109 0.746252 0.620775 0
2 0.407512 0.448649 0.419263 0.287910 0.380481 0.281531 0.368730 0.442270 0
7 0.451806 0.450441 0.464263 0.283421 0.426276 0.277046 0.413819 0.444066 0
4 0.272173 0.627994 0.283300 0.470180 0.244331 0.463998 0.233204 0.621812 0
8 0.279988 0.445167 0.291143 0.288661 0.249428 0.281972 0.238274 0.438477 0
1 0.525903 0.625575 0.537747 0.465923 0.511223 0.461495 0.499379 0.621148 0
6 0.365674 0.445682 0.377207 0.288279 0.336851 0.281626 0.325319 0.439029 0
0 0.314961 0.443170 0.326427 0.285422 0.292751 0.279914 0.281285 0.437663 0
0 0.394185 0.625299 0.405702 0.472161 0.373038 0.466634 0.361521 0.619772 0
11 0.229836 0.632447 0.241311 0.468576 0.202528 0.462465 0.191052 0.626336 0
2 0.701915 0.627034 0.713282 0.471894 0.671726 0.465043 0.660359 0.620183 0
1 0.307481 0.626082 0.318905 0.468538 0.293752 0.464433 0.282328 0.621978 0
12 0.747447 0.550194 0.747657 0.533349 0.709094 0.532263 0.708883 0.549108 0
10 0.600107 0.603407 0.608165 0.492131 0.593616 0.489761 0.585559 0.601036 0
