6 0.720160 0.606035 0.735642 0.453342 0.696491 0.444410 0.681010 0.597103 0
7 0.603189 0.419533 0.619890 0.253697 0.581187 0.244927 0.564486 0.410763 0
0 0.377149 0.400504 0.392881 0.242210 0.358867 0.234604 0.343135 0.392898 0
3 0.808060 0.615353 0.824536 0.454880 0.781400 0.444916 0.764925 0.605388 1
5 0.851531 0.612400 0.866573 0.461549 0.826040 0.452455 0.810998 0.603306 1
0 0.541551 0.594124 0.557097 0.436167 0.522261 0.428453 0.506715 0.586410 1
3 0.591921 0.596108 0.607184 0.440007 0.568112 0.431411 0.552849 0.587512 0
9 0.981568 0.624756 0.996734 0.471742 0.956714 0.462817 0.941547 0.615831 0
2 0.558534 0.414939 0.575099 0.253990 0.535173 0.244745 0.518608 0.405694 0
11 0.373865 0.591771 0.389609 0.426033 0.350502 0.417675 0.334758 0.583412 1
0 0.463844 0.404159 0.479278 0.248114 0.444690 0.240417 0.429256 0.396462 0
6 0.516542 0.411056 0.532516 0.249994 0.490800 0.240684 0.474826 0.401747 0
8 0.427916 0.404471 0.443527 0.246998 0.401415 0.237605 0.385803 0.395077 0
4 0.416357 0.589912 0.431897 0.429104 0.392067 0.420444 0.376528 0.581252 1
0 0.929860 0.620823 0.945459 0.466153 0.911939 0.458547 0.896340 0.613216 1
1 0.454219 0.591332 0.470240 0.431361 0.441627 0.424914 0.425607 0.584884 0
1 0.670924 0.606304 0.687162 0.444233 0.661677 0.438487 0.645438 0.600558 0
12 0.902151 0.549186 0.903179 0.523516 0.863481 0.519939 0.862453 0.545609 0
10 0.745114 0.590120 0.757079 0.473509 0.744070 0.470505 0.732105 0.587117 0
