0 0.335378 0.415815 0.346684 0.261705 0.311842 0.255954 0.300536 0.410064 0
3 0.684832 0.604421 0.696808 0.443469 0.656676 0.436750 0.644699 0.597702 2
6 0.385838 0.417525 0.396778 0.262671 0.355492 0.256108 0.344552 0.410963 0
6 0.596923 0.601214 0.608047 0.444762 0.568004 0.438356 0.556880 0.594808 0
8 0.299672 0.417446 0.311473 0.260361 0.270148 0.253376 0.258346 0.410461 0
2 0.428407 0.421182 0.439888 0.264320 0.401074 0.257928 0.389592 0.414790 0
11 0.250997 0.602290 0.262471 0.438914 0.223436 0.432746 0.211962 0.596121 0
0 0.460862 0.598126 0.471755 0.441301 0.437058 0.435879 0.426166 0.592704 0
0 0.249824 0.413996 0.261649 0.253815 0.228444 0.248300 0.216620 0.408481 0
0 0.808251 0.604886 0.819832 0.446173 0.783841 0.440265 0.772261 0.598977 2
4 0.293139 0.601714 0.304179 0.441433 0.264632 0.435304 0.253593 0.595585 0
1 0.328411 0.598293 0.339616 0.441349 0.314580 0.437328 0.303376 0.594271 0
9 0.858662 0.603025 0.870302 0.448404 0.827892 0.441221 0.816252 0.595842 2
7 0.470731 0.427344 0.482776 0.260141 0.445515 0.254102 0.433470 0.421305 0
1 0.415073 0.599803 0.426336 0.442306 0.400426 0.438137 0.389163 0.595634 0
5 0.728586 0.604055 0.740080 0.444566 0.695566 0.437348 0.684072 0.596837 2
1 0.547828 0.598413 0.559108 0.443484 0.533141 0.439230 0.521862 0.594160 0
10 0.624072 0.575964 0.631599 0.470488 0.617342 0.468198 0.609815 0.573675 0
12 0.776203 0.531334 0.776398 0.504837 0.736046 0.504170 0.735851 0.530667 0
