2 0.498745 0.368530 0.503251 0.210126 0.462549 0.207521 0.458043 0.365925 0
0 0.887077 0.514876 0.891395 0.357129 0.852535 0.354735 0.848217 0.512483 2
0 0.314935 0.380187 0.319348 0.222208 0.286633 0.220152 0.282221 0.378131 0
8 0.366924 0.377547 0.370850 0.221814 0.329841 0.219487 0.325915 0.375221 1
11 0.326446 0.570706 0.330406 0.406584 0.290526 0.404419 0.286566 0.568541 1
3 0.763603 0.535637 0.768089 0.360490 0.720464 0.357745 0.715978 0.532892 2
0 0.540215 0.543850 0.544168 0.382828 0.508969 0.380884 0.505015 0.541905 0
6 0.695799 0.533797 0.700114 0.371885 0.636521 0.368072 0.632206 0.529984 2
7 0.542771 0.362469 0.546592 0.201253 0.510101 0.199307 0.506280 0.360523 0
4 0.369142 0.563078 0.373471 0.399847 0.332667 0.397412 0.328338 0.560644 0
6 0.454793 0.370593 0.458973 0.213066 0.417693 0.210602 0.413514 0.368129 0
1 0.405906 0.558129 0.410471 0.397259 0.382133 0.395450 0.377569 0.556320 0
0 0.404444 0.376611 0.408835 0.216937 0.372509 0.214689 0.368117 0.374363 0
1 0.495330 0.551540 0.499477 0.387392 0.471200 0.385784 0.467052 0.549932 0
1 0.626878 0.535495 0.631217 0.375865 0.602522 0.374110 0.598184 0.533740 2
9 0.932796 0.512879 0.937283 0.351820 0.895644 0.349210 0.891157 0.510269 2
4 0.803932 0.522390 0.808856 0.364066 0.768602 0.361249 0.763677 0.519573 2
12 0.849707 0.447379 0.848741 0.419526 0.807484 0.422746 0.808450 0.450599 2
