0 0.403342 0.440371 0.415453 0.283609 0.380702 0.277569 0.368591 0.434330 0
2 0.496695 0.446055 0.508583 0.285159 0.469533 0.278667 0.457645 0.439562 0
7 0.540410 0.447072 0.552726 0.283493 0.515292 0.277151 0.502977 0.440731 0
6 0.533734 0.629545 0.545726 0.471721 0.505460 0.464836 0.493467 0.622661 1
0 0.484840 0.630981 0.496874 0.471441 0.461545 0.465445 0.449511 0.624986 1
8 0.366803 0.438625 0.378718 0.282175 0.338222 0.275235 0.326306 0.431686 0
11 0.317991 0.626142 0.330087 0.462337 0.290558 0.455769 0.278462 0.619573 1
0 0.316212 0.435071 0.328471 0.276684 0.295740 0.270984 0.283481 0.429371 0
4 0.359770 0.624021 0.371699 0.464210 0.331191 0.457407 0.319261 0.617218 1
6 0.454031 0.442671 0.466375 0.283124 0.425104 0.275940 0.412760 0.435487 0
9 0.916718 0.631894 0.928366 0.479706 0.888759 0.472886 0.877112 0.625074 0
6 0.662593 0.633053 0.674955 0.474242 0.636056 0.467430 0.623694 0.626240 0
3 0.748498 0.633858 0.760650 0.474468 0.722849 0.467983 0.710697 0.627374 1
1 0.613195 0.631850 0.625467 0.472231 0.599929 0.467814 0.587658 0.627433 0
1 0.396688 0.624155 0.408811 0.465637 0.381200 0.460885 0.369077 0.619403 0
0 0.868836 0.634689 0.881193 0.478026 0.846223 0.471819 0.833865 0.628483 0
5 0.790737 0.632810 0.802151 0.475847 0.761256 0.469156 0.749841 0.626118 1
10 0.687411 0.608411 0.695302 0.511768 0.682837 0.509478 0.674947 0.606122 0
12 0.837599 0.558214 0.837942 0.541209 0.799374 0.539456 0.799031 0.556462 0
