7 0.532097 0.467740 0.541418 0.302513 0.503716 0.297727 0.494396 0.462954 0
8 0.357906 0.464878 0.367065 0.309837 0.324890 0.304232 0.315732 0.459273 0
2 0.489657 0.466429 0.498855 0.308643 0.458320 0.303326 0.449122 0.461112 0
5 0.529044 0.642382 0.538223 0.489068 0.497492 0.483582 0.488314 0.636896 0
6 0.445860 0.465705 0.455114 0.308810 0.412854 0.303203 0.403601 0.460097 0
11 0.309806 0.653298 0.318802 0.490894 0.279024 0.485936 0.270028 0.648341 0
9 0.915978 0.630868 0.925084 0.475606 0.885416 0.470371 0.876310 0.625633 0
0 0.305101 0.463870 0.314579 0.307563 0.282107 0.303133 0.272629 0.459440 0
5 0.745132 0.637936 0.754401 0.481358 0.714148 0.475997 0.704879 0.632574 0
2 0.788732 0.635293 0.797471 0.480769 0.755272 0.475399 0.746534 0.629924 0
5 0.658349 0.638809 0.667466 0.484217 0.627055 0.478854 0.617937 0.633446 0
0 0.866743 0.632201 0.876246 0.475571 0.843161 0.471055 0.833658 0.627684 0
0 0.477333 0.645783 0.486870 0.487713 0.453327 0.483160 0.443791 0.641230 0
1 0.392770 0.648742 0.401394 0.489535 0.372015 0.485954 0.363391 0.645161 0
0 0.393273 0.465527 0.402243 0.310839 0.367968 0.306367 0.358999 0.461055 1
1 0.609198 0.639860 0.618286 0.485226 0.593135 0.481901 0.584048 0.636535 0
4 0.352273 0.650129 0.361300 0.491147 0.321855 0.486108 0.312829 0.645091 0
10 0.683104 0.613521 0.689177 0.514998 0.678053 0.513455 0.671980 0.611979 0
12 0.834545 0.559317 0.834464 0.541546 0.795989 0.541942 0.796070 0.559713 0
