6 0.701785 0.591246 0.718104 0.440399 0.678830 0.430839 0.662510 0.581686 0
7 0.579166 0.406274 0.595612 0.243247 0.556874 0.234454 0.540428 0.397481 0
2 0.569600 0.585480 0.585419 0.427200 0.544436 0.417984 0.528617 0.576264 0
2 0.535270 0.403365 0.551720 0.240754 0.510206 0.231305 0.493756 0.393916 0
11 0.345879 0.576829 0.361474 0.415585 0.321133 0.406806 0.305537 0.568050 0
0 0.517724 0.581676 0.533744 0.424290 0.494403 0.415280 0.478383 0.572666 1
3 0.790498 0.601734 0.806596 0.443770 0.767857 0.434888 0.751760 0.592852 0
0 0.349312 0.387622 0.365090 0.230227 0.329911 0.222292 0.314132 0.379687 0
5 0.835256 0.603598 0.850434 0.450141 0.809578 0.441048 0.794399 0.594506 0
6 0.491411 0.399834 0.507659 0.240102 0.464225 0.230162 0.447978 0.389894 0
4 0.388854 0.575882 0.404533 0.415783 0.364690 0.407004 0.349012 0.567103 0
0 0.918517 0.606875 0.933610 0.453843 0.897591 0.445851 0.882498 0.598883 1
8 0.402833 0.393067 0.418498 0.240059 0.374538 0.229933 0.358874 0.382942 0
9 0.967919 0.611518 0.983651 0.453647 0.942625 0.444448 0.926893 0.602319 1
1 0.427686 0.575812 0.443379 0.418571 0.415971 0.412416 0.400278 0.569658 0
1 0.650971 0.590630 0.666919 0.434908 0.640084 0.428725 0.624136 0.584446 0
0 0.438002 0.396405 0.453571 0.241382 0.417364 0.233200 0.401794 0.388223 0
12 0.886446 0.532782 0.887363 0.510639 0.845925 0.506774 0.845007 0.528917 0
10 0.729215 0.573035 0.740512 0.468824 0.727297 0.465601 0.715999 0.569812 0
