5 0.552593 0.634321 0.563987 0.474602 0.524401 0.468249 0.513007 0.627967 0
8 0.248893 0.451188 0.259810 0.295743 0.217928 0.289125 0.207011 0.444569 0
8 0.422924 0.632254 0.433297 0.474129 0.391204 0.467916 0.380832 0.626042 0
0 0.285666 0.451322 0.296724 0.293425 0.262707 0.288064 0.251649 0.445961 0
0 0.370754 0.632100 0.381287 0.475322 0.346488 0.470062 0.335955 0.626839 0
11 0.199450 0.637288 0.210117 0.476187 0.171244 0.470396 0.160577 0.631497 0
9 0.811891 0.628447 0.822263 0.475917 0.783536 0.469992 0.773163 0.622522 0
2 0.684316 0.631212 0.695113 0.474853 0.653790 0.468433 0.642992 0.624792 0
2 0.382324 0.451471 0.393047 0.292982 0.352674 0.286836 0.341951 0.445325 0
0 0.197353 0.451218 0.208734 0.287226 0.174722 0.281915 0.163341 0.445907 0
5 0.640164 0.632611 0.650862 0.475637 0.612126 0.469697 0.601428 0.626671 0
6 0.338066 0.450636 0.348883 0.293536 0.307336 0.287099 0.296519 0.444199 1
0 0.762935 0.629640 0.773707 0.474639 0.739900 0.469353 0.729129 0.624354 0
7 0.424539 0.455479 0.435965 0.287863 0.399613 0.282287 0.388187 0.449903 0
4 0.243633 0.635646 0.254250 0.473230 0.214067 0.467319 0.203449 0.629736 0
1 0.502841 0.630362 0.513378 0.474602 0.488760 0.470855 0.478222 0.626615 0
1 0.282132 0.631915 0.292530 0.473344 0.264302 0.469180 0.253904 0.627751 0
10 0.577925 0.606135 0.585095 0.506867 0.573493 0.504982 0.566323 0.604249 0
12 0.732866 0.554335 0.732912 0.537418 0.692072 0.537168 0.692026 0.554085 0
