6 0.654761 0.628874 0.665451 0.475517 0.626359 0.469386 0.615669 0.622742 0
7 0.531881 0.458568 0.541918 0.292437 0.504563 0.287359 0.494526 0.453490 0
6 0.445922 0.454453 0.455700 0.297431 0.414864 0.291709 0.405086 0.448731 0
0 0.309293 0.452107 0.319366 0.294285 0.286468 0.289561 0.276396 0.447383 0
9 0.910890 0.624288 0.920421 0.468384 0.882308 0.463141 0.872777 0.619045 0
2 0.488754 0.456906 0.498978 0.293356 0.459237 0.287766 0.449013 0.451317 0
3 0.742430 0.629666 0.752017 0.470414 0.712291 0.465033 0.702704 0.624286 0
0 0.863369 0.626235 0.873423 0.468701 0.838068 0.463624 0.828014 0.621158 1
4 0.351991 0.637328 0.361946 0.477564 0.322735 0.472067 0.312780 0.631831 0
0 0.475063 0.635314 0.484696 0.477071 0.449709 0.472279 0.440075 0.630522 0
8 0.359512 0.454366 0.369789 0.296682 0.328275 0.290593 0.317997 0.448278 0
3 0.526563 0.633561 0.536194 0.477164 0.495898 0.471581 0.486267 0.627977 0
11 0.309594 0.642521 0.320107 0.476880 0.280918 0.471284 0.270405 0.636924 0
5 0.785049 0.625919 0.794461 0.469967 0.753717 0.464434 0.744305 0.620386 0
0 0.395504 0.452507 0.405319 0.297183 0.368937 0.292011 0.359122 0.447335 0
1 0.603983 0.633923 0.614041 0.475175 0.590277 0.471787 0.580218 0.630535 0
1 0.387173 0.635117 0.397047 0.475085 0.371142 0.471489 0.361268 0.631521 0
10 0.680038 0.605729 0.686994 0.505804 0.675986 0.504080 0.669030 0.604005 0
12 0.831514 0.554346 0.831868 0.531420 0.792529 0.530054 0.792175 0.552980 0
4 0.501008 0.086123 0.507232 0.000000 0.464059 0.000000 0.457835 0.080196 0
