0 0.224791 0.370593 0.238522 0.211889 0.205625 0.205485 0.191894 0.364189 0
8 0.275791 0.373327 0.289309 0.217332 0.248753 0.209424 0.235235 0.365419 0
0 0.391340 0.560221 0.405010 0.403551 0.371861 0.397043 0.358191 0.553713 0
0 0.773037 0.570817 0.785996 0.418334 0.752189 0.411870 0.739231 0.564353 1
5 0.651404 0.568424 0.665256 0.409420 0.625197 0.401568 0.611345 0.560571 0
11 0.225018 0.558553 0.238047 0.397790 0.198399 0.390560 0.185370 0.551323 0
9 0.819935 0.576207 0.833649 0.418966 0.795125 0.411406 0.781412 0.568647 0
0 0.311972 0.375834 0.325671 0.217810 0.291746 0.211192 0.278047 0.369217 0
2 0.404150 0.377283 0.417592 0.220034 0.378968 0.212605 0.365525 0.369854 0
1 0.518413 0.564815 0.532206 0.405603 0.504953 0.400291 0.491160 0.559503 0
5 0.567991 0.565567 0.581555 0.412030 0.541861 0.404140 0.528297 0.557678 0
1 0.304325 0.555597 0.318294 0.399729 0.289361 0.393895 0.275393 0.549763 0
1 0.433443 0.556025 0.446879 0.401039 0.421495 0.396087 0.408058 0.551074 0
4 0.267494 0.557061 0.281090 0.397833 0.240746 0.390082 0.227150 0.549310 0
7 0.445996 0.387745 0.461855 0.202591 0.425558 0.195596 0.409698 0.380749 0
6 0.361596 0.377870 0.375315 0.218313 0.335367 0.210585 0.321648 0.370141 0
2 0.693814 0.564146 0.705978 0.414993 0.666333 0.407719 0.654170 0.556872 0
10 0.591152 0.543818 0.599949 0.442687 0.588494 0.440446 0.579697 0.541576 0
12 0.740428 0.495832 0.740797 0.477313 0.701885 0.475571 0.701517 0.494091 0
