11 0.342049 0.373860 0.351731 0.205838 0.311497 0.200622 0.301816 0.368644 1
2 0.521696 0.183378 0.532145 0.021497 0.492186 0.015694 0.481738 0.177575 1
0 0.427187 0.182681 0.437173 0.022883 0.400775 0.017765 0.390789 0.177563 0
0 0.904471 0.360193 0.915217 0.201013 0.875831 0.195031 0.865085 0.354211 2
0 0.337754 0.180730 0.347427 0.020217 0.314778 0.015790 0.305105 0.176303 0
8 0.391039 0.183172 0.400528 0.024387 0.357892 0.018654 0.348404 0.177439 1
4 0.385418 0.368585 0.395055 0.205381 0.353603 0.199874 0.343966 0.363078 0
1 0.642790 0.363209 0.653193 0.202696 0.624350 0.198490 0.613947 0.359003 2
9 0.950871 0.362351 0.961110 0.201042 0.919212 0.195059 0.908974 0.356368 2
0 0.557167 0.362980 0.566978 0.203591 0.531753 0.198713 0.521942 0.358102 1
1 0.422476 0.367170 0.432824 0.204668 0.404103 0.200553 0.393755 0.363055 0
3 0.780842 0.372029 0.791899 0.195722 0.744154 0.188985 0.733097 0.365292 2
1 0.512005 0.366626 0.522362 0.203117 0.492778 0.198901 0.482421 0.362410 0
7 0.566655 0.182553 0.576460 0.015842 0.538838 0.010864 0.529033 0.177575 1
6 0.477638 0.180720 0.487945 0.022213 0.446482 0.016147 0.436175 0.174653 1
6 0.711861 0.366235 0.722200 0.202177 0.657104 0.192946 0.646765 0.357004 2
4 0.821943 0.360082 0.831024 0.201113 0.790635 0.195922 0.781553 0.354891 2
12 0.869234 0.290289 0.869377 0.260452 0.829221 0.260019 0.829078 0.289856 2
