5 0.681970 0.582612 0.694392 0.424683 0.654918 0.417696 0.642496 0.575626 0
11 0.341252 0.582108 0.353611 0.415154 0.314498 0.408640 0.302139 0.575594 0
2 0.517898 0.398727 0.530162 0.240589 0.491246 0.233799 0.478982 0.391937 0
7 0.560071 0.400816 0.572944 0.236495 0.536460 0.230064 0.523587 0.394385 0
9 0.937472 0.583587 0.949880 0.429258 0.909385 0.421932 0.896976 0.576261 0
5 0.766283 0.584916 0.778768 0.427584 0.739774 0.420621 0.727289 0.577953 0
0 0.888115 0.583283 0.900477 0.428596 0.865823 0.422365 0.853462 0.577052 0
0 0.548124 0.578915 0.560795 0.420124 0.527212 0.414095 0.514542 0.572885 1
0 0.426221 0.395246 0.438469 0.237383 0.403199 0.231226 0.390951 0.389089 0
0 0.341320 0.388972 0.353929 0.227990 0.320122 0.222032 0.307513 0.383014 0
6 0.475191 0.398258 0.487556 0.236515 0.447092 0.229554 0.434726 0.391297 0
2 0.810447 0.584597 0.822281 0.428611 0.781380 0.421630 0.769547 0.577615 1
4 0.382778 0.577030 0.394820 0.416777 0.355660 0.410156 0.343618 0.570409 1
8 0.390999 0.392327 0.403481 0.234262 0.362050 0.226901 0.349568 0.384966 0
1 0.420168 0.576667 0.432880 0.416552 0.406304 0.411805 0.393592 0.571920 0
1 0.631581 0.580034 0.643787 0.423812 0.619629 0.419565 0.607423 0.575787 0
1 0.503353 0.580085 0.516141 0.419517 0.491380 0.415080 0.478592 0.575648 0
12 0.858047 0.510516 0.858183 0.492631 0.817506 0.491934 0.817370 0.509819 0
10 0.705193 0.557200 0.713235 0.456217 0.701747 0.454158 0.693705 0.555141 0
