0 0.487569 0.592556 0.498920 0.432751 0.462197 0.426882 0.450846 0.586687 1
9 0.920396 0.587196 0.931811 0.430422 0.891938 0.423890 0.880524 0.580665 0
0 0.404819 0.404888 0.416329 0.247564 0.380619 0.241685 0.369108 0.399009 0
11 0.316428 0.594060 0.327978 0.427877 0.286062 0.421322 0.274512 0.587505 0
8 0.367906 0.405240 0.379149 0.247110 0.336377 0.240268 0.325133 0.398397 0
0 0.317015 0.402372 0.328084 0.245623 0.294049 0.240215 0.282979 0.396964 0
6 0.670980 0.592159 0.683072 0.425875 0.635573 0.418103 0.623481 0.584387 1
6 0.456534 0.411809 0.468450 0.251327 0.426550 0.244326 0.414633 0.404808 0
3 0.751650 0.591757 0.763104 0.431387 0.724107 0.425121 0.712653 0.585490 0
7 0.546785 0.414445 0.559296 0.245754 0.517680 0.238809 0.505168 0.407500 0
3 0.536473 0.594703 0.548011 0.432411 0.506563 0.425781 0.495025 0.588073 1
1 0.396537 0.589169 0.408214 0.431345 0.379989 0.426646 0.368312 0.584471 1
5 0.794618 0.590184 0.805732 0.432590 0.764915 0.426114 0.753801 0.583708 0
2 0.499826 0.414147 0.511915 0.250037 0.470138 0.243112 0.458049 0.407223 0
4 0.358488 0.592223 0.370026 0.427609 0.327726 0.420939 0.316189 0.585552 1
1 0.614562 0.591488 0.627530 0.415400 0.603253 0.411377 0.590285 0.587465 1
0 0.872264 0.587518 0.884016 0.431016 0.849914 0.425254 0.838162 0.581756 0
12 0.842023 0.514569 0.842257 0.493777 0.802833 0.492781 0.802599 0.513573 0
10 0.689954 0.568527 0.696744 0.467352 0.676083 0.464232 0.669293 0.565407 0
