2 0.485604 0.441245 0.498025 0.274163 0.456858 0.267277 0.444437 0.434358 0
0 0.303176 0.434700 0.315646 0.270517 0.281741 0.264723 0.269271 0.428906 0
6 0.650158 0.620272 0.662395 0.458996 0.621849 0.452074 0.609612 0.613350 0
3 0.521130 0.620164 0.533032 0.463206 0.494100 0.456564 0.482198 0.613522 0
6 0.440497 0.439441 0.452622 0.277925 0.411731 0.271018 0.399605 0.432534 0
9 0.903269 0.624285 0.914958 0.465298 0.872997 0.458357 0.861308 0.617344 1
5 0.777688 0.620660 0.788931 0.464022 0.747558 0.457340 0.736315 0.613978 0
4 0.345939 0.620345 0.357461 0.460204 0.318152 0.453841 0.306630 0.613982 1
3 0.736128 0.621451 0.747616 0.462840 0.709448 0.456619 0.697959 0.615231 0
0 0.470810 0.620010 0.482797 0.462449 0.448746 0.456620 0.436759 0.614181 0
11 0.303604 0.624464 0.316034 0.457912 0.275908 0.451174 0.263477 0.617726 0
8 0.354549 0.437666 0.366467 0.279780 0.325499 0.272822 0.313582 0.430708 0
0 0.389998 0.436569 0.401819 0.279775 0.367470 0.273948 0.355650 0.430743 0
0 0.855532 0.627399 0.867828 0.465000 0.832300 0.458947 0.820004 0.621346 1
1 0.379171 0.619646 0.391402 0.459869 0.367136 0.455689 0.354905 0.615467 0
1 0.597960 0.626876 0.610500 0.460459 0.582152 0.455653 0.569612 0.622069 0
7 0.528361 0.445706 0.540934 0.275449 0.500523 0.268735 0.487951 0.438992 0
12 0.825645 0.549343 0.826033 0.525740 0.785656 0.524248 0.785268 0.547851 0
10 0.673737 0.600415 0.682088 0.491440 0.669594 0.489285 0.661243 0.598261 0
