0 0.466214 0.549099 0.478261 0.396102 0.444724 0.390161 0.432677 0.543157 0
5 0.514424 0.552842 0.526479 0.394513 0.485864 0.387555 0.473809 0.545884 0
0 0.300202 0.365959 0.312587 0.205172 0.279124 0.199372 0.266739 0.360159 0
5 0.641895 0.559092 0.654292 0.400769 0.614123 0.393691 0.601725 0.552014 0
9 0.895663 0.561592 0.908139 0.401793 0.870089 0.395109 0.857614 0.554908 1
5 0.726534 0.559758 0.738444 0.401898 0.698414 0.395103 0.686503 0.552962 0
7 0.522038 0.373651 0.534896 0.206185 0.497344 0.199698 0.484486 0.367164 0
8 0.353303 0.366132 0.365574 0.208482 0.321512 0.200765 0.309241 0.358415 0
11 0.299835 0.555254 0.312116 0.392604 0.272420 0.385860 0.260139 0.548510 0
0 0.386609 0.366635 0.399208 0.209827 0.363493 0.203371 0.350895 0.360179 0
6 0.436317 0.371868 0.449029 0.210148 0.407796 0.202856 0.395084 0.364576 1
2 0.480327 0.372272 0.492656 0.212282 0.452053 0.205242 0.439724 0.365232 0
0 0.848260 0.558948 0.860220 0.403576 0.826468 0.397730 0.814508 0.553102 1
1 0.377059 0.549542 0.389753 0.389152 0.365898 0.384904 0.353203 0.545293 0
2 0.768749 0.557302 0.780064 0.403332 0.740350 0.396765 0.729034 0.550735 0
4 0.342748 0.552342 0.354839 0.389545 0.314907 0.382873 0.302817 0.545669 0
1 0.591959 0.556178 0.604458 0.397634 0.580121 0.393317 0.567622 0.551861 0
12 0.816916 0.484394 0.817169 0.465499 0.778111 0.464323 0.777859 0.483218 0
10 0.665280 0.532024 0.673028 0.430675 0.659252 0.428305 0.651504 0.529655 0
