2 0.515587 0.604912 0.528673 0.447691 0.487159 0.439916 0.474073 0.597137 1
6 0.643988 0.604357 0.657114 0.448431 0.618566 0.441130 0.605440 0.597055 0
5 0.772118 0.607550 0.784824 0.453111 0.743980 0.445551 0.731274 0.599989 0
8 0.350054 0.420156 0.363469 0.263290 0.322064 0.255322 0.308649 0.412188 0
0 0.466180 0.602585 0.479328 0.447569 0.445131 0.441042 0.431982 0.596059 0
11 0.297897 0.603602 0.311035 0.442286 0.272052 0.435143 0.258914 0.596459 0
9 0.897721 0.614171 0.910536 0.460415 0.871755 0.453142 0.858940 0.606898 0
2 0.479359 0.425404 0.492536 0.265991 0.454024 0.258829 0.440847 0.418241 0
6 0.437763 0.421001 0.450747 0.264215 0.410040 0.256631 0.397057 0.413416 0
0 0.850441 0.608255 0.862662 0.459330 0.829760 0.453255 0.817539 0.602180 1
3 0.729977 0.609768 0.743274 0.449752 0.704946 0.442586 0.691650 0.602602 1
7 0.522375 0.428157 0.536339 0.260995 0.498902 0.253959 0.484938 0.421121 0
0 0.386537 0.417303 0.399527 0.262933 0.365487 0.256488 0.352497 0.410858 0
4 0.342244 0.600786 0.355271 0.442608 0.315023 0.435150 0.301996 0.593328 0
0 0.298283 0.414950 0.311578 0.256117 0.278834 0.249950 0.265539 0.408783 0
1 0.377478 0.599414 0.390697 0.444396 0.363461 0.439171 0.350242 0.594189 0
1 0.595666 0.603895 0.608846 0.447276 0.583115 0.442404 0.569936 0.599024 1
12 0.820431 0.536232 0.820793 0.516277 0.781371 0.514668 0.781009 0.534623 0
10 0.669244 0.581146 0.677578 0.482094 0.666788 0.480051 0.658454 0.579103 0
