5 0.586932 0.526712 0.600594 0.366898 0.561199 0.359321 0.547538 0.519135 1
5 0.674737 0.530115 0.688011 0.372795 0.647651 0.365133 0.634378 0.522453 0
0 0.408632 0.518665 0.421953 0.359389 0.387888 0.352979 0.374568 0.512255 0
0 0.328160 0.332506 0.341424 0.175115 0.305978 0.168394 0.292714 0.325784 0
8 0.290800 0.331039 0.303924 0.176342 0.263109 0.168551 0.249984 0.323247 1
2 0.717057 0.526330 0.729262 0.375590 0.688824 0.368222 0.676618 0.518962 1
11 0.239823 0.519842 0.253856 0.350128 0.214060 0.342724 0.200027 0.512438 0
7 0.466017 0.339887 0.480122 0.170122 0.442276 0.163048 0.428172 0.332812 1
3 0.457927 0.520635 0.471388 0.359409 0.431937 0.351998 0.418476 0.513223 0
0 0.238961 0.327214 0.252886 0.171076 0.219406 0.164358 0.205481 0.320496 0
2 0.421853 0.335751 0.435955 0.173386 0.394617 0.165308 0.380515 0.327673 1
4 0.283131 0.515904 0.296430 0.355653 0.254628 0.347848 0.241329 0.508099 0
9 0.845969 0.531705 0.858779 0.377272 0.820565 0.370140 0.807755 0.524574 0
6 0.379631 0.332062 0.392881 0.174463 0.350950 0.166532 0.337701 0.324130 1
0 0.797233 0.530760 0.810525 0.376363 0.775866 0.369649 0.762574 0.524047 0
1 0.320511 0.516023 0.334073 0.357889 0.306709 0.352608 0.293147 0.510742 0
1 0.537252 0.526560 0.551409 0.363708 0.526034 0.358745 0.511877 0.521596 0
10 0.611385 0.501127 0.619963 0.404976 0.608394 0.402654 0.599817 0.498805 0
12 0.766819 0.455475 0.767076 0.435297 0.724169 0.434066 0.723912 0.454244 0
