5 0.565628 0.608113 0.576032 0.438622 0.534511 0.432887 0.524107 0.602378 1
9 0.826760 0.595209 0.836516 0.434726 0.796931 0.429312 0.787175 0.589795 1
8 0.266879 0.424669 0.276166 0.271084 0.234463 0.265410 0.225176 0.418995 0
2 0.698368 0.598455 0.707431 0.443465 0.665087 0.437894 0.656024 0.592883 0
0 0.385942 0.606921 0.395659 0.449827 0.362047 0.445150 0.352331 0.602244 0
6 0.435758 0.605218 0.445741 0.446791 0.404716 0.440974 0.394732 0.599401 1
11 0.218062 0.615598 0.227674 0.452406 0.187850 0.447129 0.178239 0.610321 0
4 0.260270 0.612100 0.269667 0.451835 0.230840 0.446713 0.221443 0.606978 0
5 0.653490 0.601857 0.663416 0.436389 0.622828 0.430911 0.612902 0.596379 0
0 0.214651 0.424058 0.224235 0.266678 0.192049 0.262268 0.182465 0.419648 0
2 0.397291 0.426582 0.407129 0.267010 0.366780 0.261413 0.356942 0.420985 0
0 0.777154 0.593785 0.786401 0.437974 0.753177 0.433538 0.743930 0.589349 1
7 0.441907 0.430779 0.452250 0.260884 0.414001 0.255645 0.403658 0.425539 0
0 0.303083 0.424024 0.312542 0.268928 0.278029 0.264192 0.268570 0.419288 0
6 0.353535 0.426956 0.363084 0.269606 0.321971 0.263992 0.312422 0.421342 0
1 0.297677 0.608042 0.307261 0.451462 0.280327 0.447753 0.270744 0.604332 0
1 0.515853 0.608981 0.526060 0.441365 0.500554 0.437871 0.490348 0.605486 0
10 0.592974 0.579327 0.599415 0.473569 0.584584 0.471537 0.578143 0.577295 0
12 0.744544 0.520494 0.744537 0.501663 0.703962 0.501700 0.703969 0.520530 0
4 0.398321 0.087189 0.404653 0.000000 0.360323 0.000000 0.353991 0.080997 0
